EYFTLQIRGRERFEMFRELNEALELKDAQAG
CCCCEEECCHHHHHHHHHHHHHHHHHHHHCC
14.783 14.947 -11.793 15.471 16.22 -11.447 14.978 16.646 -10.075 15.787 18.883 -13.505
15.913 16.885 -9.163 15.604 17.298 -7.797 15.865 18.786 -7.632 16.062 13.708 -7.674
15.05 19.446 -6.825 15.212 20.876 -6.587 15.213 21.072 -5.098 13.843 21.206 -9.629
15.731 22.194 -4.635 15.769 22.434 -3.209 15.062 23.738 -2.892 17.472 22.879 -2.436
14.206 23.697 -1.887 13.469 24.883 -1.495 13.807 25.268 -0.067 10.947 25.629 -1.769
14.179 26.525 0.126 14.491 27.016 1.457 13.214 27.579 2.092 16.937 29.074 2.414
12.871 27.046 3.259 11.664 27.406 3.997 11.994 28.022 5.349 10.216 25.549 3.804
11.243 29.059 5.714 11.436 29.743 6.985 10.413 29.284 8.041 11.924 34.142 8.341
10.903 28.781 9.174 10.018 28.329 10.237 9.829 26.82 10.309 9.585 28.987 10.854
10.107 26.265 11.483 9.976 24.83 11.744 8.582 24.288 11.428 11.577 21.682 13.159
7.541 25.004 11.849 6.176 24.541 11.62 5.843 24.531 10.145 5.196 24.554 14.231
6.302 25.547 9.421 6.038 25.62 7.987 6.785 24.487 7.27 5.964 29.401 6.314
8.019 24.242 7.719 8.856 23.205 7.144 8.202 21.849 7.356 11.579 21.185 7.127
7.687 21.614 8.563 7.003 20.355 8.896 5.813 20.12 7.975 7.023 20.344 12.244
5.051 21.183 7.737 3.882 21.105 6.874 4.263 20.72 5.439 2.27 23.48 5.77
5.25 21.407 4.869 5.67 21.106 3.508 6.302 19.726 3.397 5.487 24.262 2.217
7.013 19.306 4.44 7.643 17.982 4.467 6.547 16.893 4.454 10.403 14.986 4.703
5.482 17.081 5.227 4.401 16.097 5.237 3.707 16.037 3.877 1.786 15.579 7.243
3.449 17.204 3.289 2.802 17.267 1.986 3.66 16.608 0.901 1.323 19.486 1.946
4.973 16.82 0.966 5.883 16.254 -0.03 5.988 14.722 0.112 8.125 16.547 -1.022
6.007 14.242 1.353 6.083 12.815 1.613 4.793 12.152 1.158 7.504 12.446 4.662
3.668 12.85 1.341 2.352 12.341 0.93 2.31 12.16 -0.597 1.229 13.305 1.391
2.812 13.147 -1.341 2.825 13.062 -2.799 3.731 11.929 -3.302 2.332 15.526 -3.604
4.862 11.722 -2.626 5.793 10.668 -3.0 5.203 9.3 -2.722 8.825 11.995 -2.418
4.472 9.166 -1.623 3.836 7.885 -1.306 2.769 7.588 -2.377 2.444 6.827 0.683
2.024 8.611 -2.78 0.979 8.458 -3.8 1.6 7.967 -5.123 -1.891 10.516 -4.908
2.721 8.56 -5.522 3.394 8.162 -6.757 3.962 6.757 -6.725 4.152 10.379 -7.426
4.557 6.38 -5.598 5.157 5.057 -5.466 4.155 3.94 -5.734 5.763 4.898 -4.108
2.878 4.242 -5.541 1.814 3.272 -5.769 1.146 3.629 -7.095 0.763 3.072 -2.615
0.956 4.933 -7.289 0.367 5.541 -8.491 -1.158 5.645 -8.548 0.906 4.88 -9.764
-1.689 6.747 -8.021 -3.125 6.96 -8.039 -3.578 7.897 -6.94 -3.719 6.522 -8.714
