FELDQEWVELMVEAKEANISPEEIRKYLLLN
CCCCHHHHHHHHHHHHCCCCHHHHHHHHHCC
20.157 27.721 36.535 20.915 28.868 37.16 19.91 29.9 37.666 21.51 29.869 33.769
20.177 30.667 38.726 19.188 31.636 39.234 18.772 32.613 38.134 19.079 31.191 41.769
17.538 33.121 38.169 17.146 34.023 37.079 17.45 35.483 37.383 15.034 32.747 36.241
17.859 36.233 36.357 18.026 37.672 36.519 16.641 38.265 36.666 19.055 39.625 35.358
16.398 39.006 37.769 15.069 39.526 38.052 14.565 40.604 37.116 14.512 38.306 40.293
15.471 41.37 36.528 15.062 42.375 35.525 14.633 41.635 34.243 15.095 44.998 35.027
15.387 40.6 33.877 15.008 39.797 32.687 13.688 39.111 32.931 17.485 39.893 29.922
13.436 38.61 34.173 12.102 38.091 34.467 11.02 39.108 34.189 11.788 37.12 36.159
11.169 40.336 34.726 10.152 41.368 34.524 9.955 41.651 33.022 8.884 43.759 34.929
11.062 41.736 32.291 10.916 42.002 30.831 10.167 40.873 30.117 13.038 43.408 30.287
10.418 39.635 30.507 9.713 38.511 29.847 8.261 38.447 30.279 11.689 37.093 28.627
7.999 38.864 31.546 6.607 38.931 31.98 5.929 39.986 31.112 6.168 39.065 33.894
6.518 41.158 30.948 5.901 42.165 30.068 5.691 41.641 28.623 5.657 44.452 31.433
6.668 40.944 28.047 6.541 40.417 26.676 5.358 39.458 26.593 7.814 39.652 26.314
5.281 38.601 27.614 4.162 37.637 27.679 2.799 38.284 27.799 3.169 34.74 29.694
2.657 39.268 28.7 1.41 40.028 28.795 1.131 40.86 27.554 1.581 40.67 32.046
2.096 41.254 26.725 1.865 42.019 25.494 1.546 41.071 24.31 3.099 42.787 25.053
1.33 39.809 24.583 1.08 38.785 23.573 2.199 38.531 22.591 -1.288 39.063 23.822
3.469 38.666 23.0 4.58 38.428 22.071 4.843 36.913 22.145 6.252 40.087 22.34
4.905 36.199 21.011 5.055 34.746 21.212 6.485 34.407 21.582 5.25 34.124 19.429
6.682 33.27 22.232 8.002 32.738 22.49 8.82 32.57 21.21 6.56 31.787 23.25
8.248 32.158 20.046 9.078 31.989 18.835 9.622 33.29 18.298 9.075 29.543 17.664
8.855 34.381 18.376 9.354 35.693 17.969 10.48 36.159 18.906 9.164 37.788 16.674
10.356 35.849 20.203 11.453 36.178 21.143 12.722 35.415 20.811 10.555 36.406 23.332
12.572 34.115 20.564 13.736 33.29 20.197 14.354 33.786 18.898 11.556 29.789 21.736
13.549 34.083 17.883 14.187 34.603 16.629 14.924 35.906 16.88 13.323 35.216 13.257
14.344 36.844 17.618 15.013 38.104 17.957 16.324 37.837 18.696 15.451 41.444 19.551
16.278 37.03 19.768 17.512 36.756 20.524 18.601 36.163 19.636 16.65 36.272 22.905
18.242 35.188 18.807 19.259 34.59 17.923 19.822 35.588 16.913 18.717 32.01 17.487
19.0 36.471 16.355 19.415 37.426 15.338 20.067 38.711 15.831 17.457 36.756 13.662
19.875 39.161 17.077 20.337 40.488 17.467 21.406 40.529 18.557 18.599 42.121 16.792
