CIPKWNRCGPKMDGVPCCEPYTCTSDYYGNCS
CCCCCCCCCCCCCCCCCCCCCEECCCCCCCCC
63.414 12.597 4.274 62.945 13.887 3.7 61.439 13.812 3.489 63.602 13.496 1.777
60.823 14.953 3.224 59.381 15.01 3.024 59.007 14.897 1.541 58.643 16.77 4.438
58.203 13.878 1.179 57.786 13.685 -0.213 56.843 14.795 -0.671 57.141 12.43 1.018
56.729 14.96 -1.986 55.895 15.999 -2.579 54.467 16.09 -2.029 55.306 16.725 -6.143
54.004 17.335 -1.873 52.676 17.693 -1.378 52.482 17.572 0.124 51.539 18.134 -4.819
53.454 16.993 0.818 53.348 16.831 2.259 53.809 18.048 3.036 53.315 14.384 2.347
53.403 18.1 4.299 53.697 19.21 5.198 55.181 19.447 5.472 51.234 20.938 6.197
55.615 20.697 5.343 57.002 21.068 5.599 57.096 22.443 6.259 57.479 21.578 3.65
58.233 22.696 6.896 58.484 23.955 7.576 59.893 23.818 8.122 57.847 24.723 7.65
60.898 23.861 7.236 62.328 23.732 7.539 62.868 24.548 8.717 61.889 24.059 5.749
62.377 25.77 8.903 62.861 26.612 9.998 62.438 26.058 11.357 62.861 30.385 10.687
61.421 25.204 11.363 60.937 24.62 12.607 61.712 23.378 13.041 58.495 25.474 13.34
61.917 22.438 12.124 62.6 21.195 12.473 63.816 20.807 11.635 60.922 19.852 11.204
64.137 21.613 10.63 65.269 21.311 9.774 65.066 20.175 8.783 66.114 21.839 9.859
63.875 19.572 8.751 63.592 18.471 7.823 63.356 19.035 6.426 62.354 17.056 8.422
64.158 18.592 5.451 63.991 19.097 4.09 63.028 18.294 3.209 65.557 18.163 4.42
62.574 18.932 2.139 61.705 18.282 1.176 62.631 17.383 0.365 60.457 19.848 0.637
62.111 16.271 -0.14 62.93 15.391 -0.956 63.165 16.125 -2.267 61.986 13.606 -0.496
64.342 15.938 -2.85 64.67 16.581 -4.114 63.635 16.191 -5.165 66.993 17.674 -3.723
63.389 17.068 -6.146 63.923 18.426 -6.274 62.971 19.498 -5.738 63.197 17.703 -7.812
62.109 19.129 -4.799 61.132 20.074 -4.278 61.598 20.921 -3.11 58.993 17.813 -6.254
60.928 22.053 -2.928 61.235 22.969 -1.845 59.944 23.299 -1.117 62.084 24.387 -2.868
60.077 23.816 0.093 58.918 24.15 0.887 58.365 25.509 0.498 58.537 24.044 2.905
57.045 25.584 0.382 56.374 26.831 0.039 56.437 27.834 1.195 54.652 26.064 -0.355
56.833 27.366 2.375 56.924 28.213 3.562 58.105 27.758 4.41 55.665 28.446 5.006
58.552 28.63 5.308 59.655 28.311 6.206 59.098 27.664 7.454 61.396 29.984 5.704
57.806 27.877 7.696 57.147 27.374 8.897 56.052 26.344 8.698 58.413 30.714 9.977
55.175 26.58 7.728 54.06 25.673 7.488 53.603 25.777 6.037 50.617 24.249 8.493
54.039 24.821 5.229 53.677 24.795 3.825 53.724 23.378 3.296 53.435 25.616 3.308
53.875 23.241 1.986 53.945 21.927 1.366 55.15 21.86 0.436 52.449 22.505 -0.525
55.631 20.649 0.192 56.761 20.446 -0.7 56.283 20.366 -2.142 57.874 19.129 0.457
56.642 21.348 -2.957 56.248 21.337 -4.36 57.229 22.156 -5.193 55.933 22.483 -4.417
