KTEWPELVGKSVEEAKKVILQDKPEAQIIVLPVGTIV
CCCCHHHCCCCHHHHHHHHHCCCCCCEEEEEECCCCC
8.719 -32.756 11.212 7.436 -32.035 11.495 7.704 -30.55 11.369 4.732 -31.981 14.199
6.893 -29.899 10.527 7.096 -28.493 10.215 5.867 -27.668 10.592 7.425 -28.828 8.337
4.785 -28.351 10.969 3.555 -27.514 11.258 2.796 -28.097 12.403 1.415 -28.11 8.668
2.065 -27.27 13.197 1.38 -27.666 14.385 -0.082 -27.184 14.419 4.993 -27.787 15.606
-0.886 -27.778 13.566 -2.309 -27.322 13.477 -3.06 -27.652 14.73 -1.786 -28.726 12.321
-2.656 -28.59 15.573 -3.288 -28.918 16.831 -3.161 -27.811 17.855 -0.791 -30.444 16.93
-2.302 -26.782 17.676 -2.094 -25.742 18.646 -2.978 -24.519 18.409 0.399 -26.167 19.27
-3.728 -24.496 17.298 -4.579 -23.315 17.104 -5.483 -23.156 18.308 -5.346 -22.922 15.349
-5.576 -21.994 18.919 -6.401 -21.704 20.076 -5.79 -21.863 21.446 -7.346 -21.409 19.936
-4.687 -22.649 21.521 -4.038 -22.967 22.786 -3.192 -21.79 23.265 -4.92 -25.97 22.593
-2.746 -21.795 24.518 -1.896 -20.722 25.045 -0.46 -20.889 24.519 -1.482 -21.408 26.761
0.296 -19.818 24.704 1.725 -19.824 24.355 2.457 -20.906 25.12 2.702 -18.151 24.345
2.126 -21.009 26.421 2.779 -21.975 27.27 2.575 -23.408 26.794 2.688 -22.581 30.53
1.359 -23.769 26.414 1.079 -25.09 25.884 1.643 -25.271 24.572 -2.335 -24.442 26.788
1.666 -24.379 23.651 2.312 -24.395 22.339 3.829 -24.646 22.51 2.119 -23.078 21.574
4.441 -23.911 23.429 5.893 -24.037 23.611 6.256 -25.448 24.063 8.428 -22.328 25.438
5.515 -25.938 25.057 5.774 -27.277 25.596 5.666 -28.344 24.522 4.219 -29.546 28.281
4.669 -28.293 23.666 4.426 -29.212 22.582 5.539 -29.061 21.529 2.633 -29.454 21.812
5.818 -27.815 21.104 6.863 -27.627 20.091 8.236 -28.139 20.574 6.524 -25.554 19.068
8.587 -27.798 21.81 9.966 -28.196 22.252 10.044 -29.717 22.388 10.88 -26.14 23.663
8.922 -30.385 22.681 8.862 -31.836 22.743 9.076 -32.368 21.341 6.085 -32.4 24.639
8.502 -31.821 20.301 8.661 -32.324 18.942 9.966 -31.878 18.295 6.252 -32.265 18.365
10.446 -30.705 18.752 11.571 -30.03 18.13 12.413 -29.326 19.185 11.974 -27.739 15.333
13.346 -30.057 19.807 14.131 -29.59 20.926 14.901 -28.341 20.698 14.293 -31.409 20.555
15.326 -28.115 19.463 16.151 -26.934 19.119 15.297 -25.697 18.776 15.839 -28.293 16.564
13.958 -25.84 18.834 13.149 -24.726 18.337 13.473 -23.395 19.041 11.663 -24.978 18.532
13.518 -22.358 18.204 13.728 -20.991 18.753 12.311 -20.323 18.59 16.61 -20.46 17.112
11.657 -20.189 19.716 10.212 -19.833 19.677 10.077 -18.326 19.746 9.013 -21.389 20.954
9.442 -17.762 18.761 9.299 -16.292 18.628 7.792 -16.056 18.791 10.721 -15.605 17.337
7.43 -15.02 19.548 5.975 -14.807 19.778 5.605 -13.449 19.235 5.329 -15.192 21.578
4.728 -13.399 18.243 4.383 -12.076 17.646 2.889 -11.903 17.601 6.212 -11.926 15.738
2.354 -10.678 17.627 0.952 -10.469 17.387 0.601 -10.925 15.986 1.972 -8.942 17.809
-0.625 -11.39 15.73 -1.139 -11.655 14.402 -1.112 -10.391 13.563 -2.86 -12.601 14.2
-0.766 -10.507 12.294 -0.731 -9.32 11.448 0.651 -8.679 11.437 -1.535 -8.994 10.95
1.6 -9.215 12.179 2.958 -8.63 12.189 3.67 -8.92 10.884 4.087 -8.986 13.715
4.227 -7.926 10.186 4.935 -8.237 8.934 6.271 -8.904 9.215 4.714 -6.4 7.48
6.604 -10.033 8.593 7.916 -10.647 8.879 8.778 -10.628 7.617 7.352 -12.39 9.555
