ANEGDVYKCELCGQVVKVLEEGGGTLVCCGEDMVKQ
CCCCCEEEEEECCCEEEEEEECCCEEEEECHHHCCC
2.947 31.497 15.827 4.159 30.906 16.375 5.262 30.978 15.333 3.948 29.461 16.697
6.485 30.492 15.614 7.597 30.593 14.651 7.807 29.296 13.887 8.968 32.079 16.121
8.329 29.476 12.679 8.614 28.394 11.747 9.451 27.331 12.452 10.072 28.775 8.751
9.105 26.055 12.369 9.859 25.002 13.006 9.356 24.666 14.393 10.63 24.562 12.546
8.546 25.494 15.063 8.034 25.149 16.388 7.042 23.995 16.316 8.161 27.362 17.501
6.93 23.225 17.383 6.031 22.095 17.454 5.053 22.439 18.565 6.835 20.313 17.472
3.759 22.239 18.35 2.736 22.53 19.334 1.907 21.284 19.578 2.942 26.242 19.42
1.534 21.056 20.836 0.771 19.883 21.238 -0.553 20.267 21.86 1.408 17.124 23.759
-1.636 19.575 21.558 -2.895 19.763 22.271 -2.863 18.816 23.477 -4.876 19.395 21.895
-2.915 19.322 24.7 -2.856 18.471 25.878 -4.067 17.557 26.055 -0.648 19.464 27.195
-5.231 17.924 25.52 -6.424 17.123 25.706 -6.577 15.963 24.745 -7.833 18.989 26.7
-6.345 16.141 23.446 -6.534 15.042 22.498 -5.205 14.493 21.969 -7.026 16.061 20.702
-4.036 15.073 22.321 -2.724 14.572 21.926 -2.271 14.939 20.525 -2.181 14.023 22.562
-2.997 15.783 19.792 -2.628 16.12 18.424 -1.378 16.999 18.467 -4.681 17.305 16.049
-0.421 16.732 17.578 0.839 17.463 17.559 0.995 18.065 16.182 2.443 16.577 18.312
1.301 19.351 16.035 1.545 19.927 14.725 2.884 20.643 14.714 -0.023 21.128 14.575
3.477 20.79 13.54 4.721 21.538 13.33 4.376 22.797 12.552 7.734 20.907 11.285
4.884 23.969 12.904 4.633 25.202 12.162 5.549 25.282 10.935 4.444 26.828 13.25
4.975 25.338 9.742 5.703 25.453 8.486 5.803 26.903 8.047 5.241 23.247 7.219
4.817 27.728 8.355 4.819 29.119 7.947 4.299 29.844 9.168 4.719 30.528 5.497
5.067 30.791 9.683 4.658 31.499 10.886 3.517 32.466 10.626 7.114 33.847 11.488
2.676 32.613 11.606 1.57 33.535 11.591 1.485 33.925 13.059 1.026 33.818 10.801
0.776 34.972 13.405 0.748 35.376 14.801 -0.46 34.853 15.545 1.469 35.943 15.2
-1.354 34.139 14.858 -2.601 33.699 15.473 -2.331 32.614 16.51 -3.493 34.078 15.225
-3.2 32.445 17.5 -3.015 31.382 18.479 -3.661 30.079 18.002 -3.343 31.839 20.308
-2.854 29.027 18.048 -3.323 27.709 17.668 -4.149 27.15 18.805 -1.396 26.82 16.166
-5.374 26.746 18.513 -6.293 26.221 19.505 -6.758 24.857 19.052 -7.714 27.394 20.155
-6.955 23.951 20.003 -7.474 22.628 19.717 -8.238 22.201 20.953 -6.618 20.833 19.178
-9.429 21.596 20.821 -10.236 21.125 21.958 -10.621 22.241 22.935 -9.371 19.272 22.236
-10.891 23.441 22.427 -11.249 24.592 23.235 -10.101 25.144 24.054 -12.178 24.962 23.228
-8.837 24.814 23.801 -7.728 25.287 24.619 -6.513 25.609 23.757 -6.328 23.235 26.879
-5.664 26.525 24.207 -4.459 26.884 23.48 -3.484 25.727 23.447 -4.514 29.334 23.956
-2.941 25.44 22.263 -1.947 24.388 22.123 -0.655 24.829 22.817 -2.33 22.951 19.326
0.158 23.902 23.284 1.349 24.187 24.08 2.604 24.006 23.252 1.378 23.383 25.848
3.491 24.986 23.252 4.739 24.868 22.503 5.615 23.816 23.174 7.513 27.216 21.702
6.163 22.939 22.349 7.028 21.883 22.8 8.503 22.302 22.787 5.875 20.493 22.852
