LKSFPEVVGKTVDQAREYFTLHYPQYNVYFLPEGSPVTL
CCCCHHHHCCHHHHHHHHHEEECCCCEEEECCCCCCCCC
11.926 9.907 -13.665 12.953 10.888 -13.176 12.198 12.179 -12.773 15.241 10.3 -14.209
12.089 12.383 -11.463 11.34 13.538 -11.021 11.698 13.941 -9.633 7.948 14.295 -11.299
11.751 15.246 -9.371 12.056 15.902 -8.133 10.914 16.831 -7.756 13.865 16.311 -8.515
10.808 17.158 -6.495 9.735 17.95 -5.997 10.219 19.005 -5.023 8.068 15.034 -6.425
10.878 20.013 -5.585 11.433 21.124 -4.831 10.452 22.053 -4.124 11.689 21.194 -6.677
9.219 22.015 -4.529 8.115 22.843 -3.98 7.698 22.421 -2.605 7.012 21.144 -6.193
8.138 21.201 -2.22 7.843 20.781 -0.881 8.906 21.184 0.102 7.43 18.893 -0.971
10.082 21.61 -0.28 11.065 22.054 0.658 10.513 23.287 1.428 12.856 22.144 -0.038
10.6 23.324 2.751 10.028 24.477 3.447 8.653 24.271 4.007 10.535 25.335 3.533
7.96 23.191 3.593 6.664 22.827 4.052 6.799 21.894 5.224 4.557 22.542 1.056
5.829 21.906 6.119 5.824 20.946 7.171 5.47 19.573 6.553 4.466 21.676 8.289
5.677 18.501 7.272 5.303 17.162 6.905 3.819 17.154 6.607 5.956 15.651 7.992
2.957 17.825 7.401 1.497 17.872 7.216 1.054 18.416 5.891 1.334 18.092 9.607
1.741 19.527 5.542 1.601 20.231 4.304 2.125 19.383 3.117 2.626 23.449 4.529
3.263 18.741 3.225 3.812 17.924 2.155 2.88 16.742 1.947 5.203 17.441 2.567
2.349 16.074 2.958 1.429 14.952 2.76 0.197 15.36 1.958 1.212 12.425 6.037
-0.447 16.502 2.212 -1.585 17.046 1.523 -1.371 17.359 0.099 -3.173 19.601 2.741
-0.22 17.911 -0.193 0.259 18.209 -1.507 0.454 16.976 -2.314 2.859 19.426 -3.992
1.156 15.938 -1.794 1.352 14.71 -2.544 0.034 13.93 -2.751 4.768 14.371 -2.325
-0.901 13.837 -1.853 -2.209 13.2 -1.922 -3.08 13.772 -3.02 -3.177 13.016 -0.293
-3.043 15.1 -3.121 -3.761 15.813 -4.138 -3.217 15.719 -5.537 -4.916 18.083 -4.634
-1.963 16.142 -5.684 -1.257 16.207 -6.941 -0.591 14.995 -7.478 -1.08 19.274 -6.457
-0.098 14.13 -6.578 0.622 12.92 -6.963 0.257 11.716 -6.148 3.152 15.354 -8.439
-1.012 11.317 -6.1 -1.527 10.202 -5.331 -1.012 8.886 -5.771 -2.798 11.067 -6.361
-0.518 8.784 -6.961 0.068 7.608 -7.571 1.52 7.283 -7.159 0.331 9.413 -9.887
2.19 8.152 -6.428 3.51 8.007 -5.948 3.382 7.46 -4.545 5.057 9.989 -8.539
4.295 6.581 -4.202 4.3 5.992 -2.867 5.296 6.793 -2.04 4.491 3.693 -1.914
4.714 7.621 -1.191 5.475 8.518 -0.349 5.831 8.138 1.049 5.045 10.406 -0.579
7.109 8.25 1.46 7.508 7.9 2.796 8.182 9.068 3.529 7.025 4.453 1.842
7.851 9.461 4.725 8.473 10.561 5.416 9.517 10.029 6.383 5.996 12.566 4.505
10.743 10.441 6.299 11.805 9.975 7.118 12.641 11.115 7.725 12.527 7.92 5.498
12.841 11.004 9.008 13.598 11.965 9.764 15.047 11.876 9.403 12.817 10.691 10.782
15.542 13.091 9.495 16.961 13.376 9.242 17.202 14.597 10.163 18.795 14.545 7.697
17.785 14.341 11.337 18.022 15.432 12.262 19.427 16.018 12.353 17.254 15.764 12.81
20.283 15.892 11.332 21.636 16.396 11.329 21.563 17.922 11.258 22.379 15.92 9.608
22.569 18.541 11.904 22.601 20.01 11.962 23.033 20.54 10.593 23.836 19.11 13.04
22.589 21.78 10.302 22.846 22.589 9.119 24.357 22.861 9.208 21.861 24.223 8.547
24.964 22.667 8.041 26.416 22.891 8.041 26.735 23.455 6.661 27.06 21.068 8.403
27.079 24.735 6.722 27.451 25.516 5.576 28.913 25.263 5.221 26.693 27.162 5.93
