YNRVRVFYNPGTNVVNHVPHVG
CCCEEEEECCCCCCCCCCCCCC
5.678 1.564 -10.468 6.051 1.739 -9.069 7.01 2.934 -8.84 7.064 1.172 -5.7
6.462 4.008 -8.212 7.371 5.114 -8.039 7.31 5.486 -6.576 7.261 6.062 -10.44
8.444 5.273 -5.949 8.649 5.535 -4.559 9.212 6.933 -4.35 11.738 3.337 -2.519
8.786 7.712 -3.383 9.344 8.999 -3.072 9.62 9.038 -1.567 8.551 10.586 -3.802
10.906 9.17 -1.212 11.411 9.294 0.139 11.524 10.838 0.415 14.648 6.371 -0.35
10.875 11.269 1.469 10.887 12.685 1.831 11.517 12.783 3.184 9.213 13.687 1.572
12.587 13.495 3.29 13.329 13.696 4.53 12.992 15.054 5.147 15.559 11.477 3.452
12.832 15.063 6.423 12.484 16.212 7.229 13.234 16.196 8.55 10.06 14.117 9.337
13.258 17.404 9.07 13.936 17.662 10.346 12.949 17.422 11.409 15.344 19.306 11.536
13.308 16.55 12.336 12.414 16.22 13.427 12.197 17.404 14.35 13.905 15.163 13.332
13.155 18.262 14.51 13.078 19.456 15.358 12.086 20.468 14.848 13.633 19.566 16.182
12.156 20.869 13.62 11.216 21.823 13.05 9.998 21.205 12.384 12.52 22.466 11.796
10.051 19.914 11.976 8.989 19.265 11.262 8.855 19.642 9.799 7.07 18.72 12.389
9.855 20.294 9.256 9.961 20.845 7.937 10.93 20.04 7.089 10.077 22.817 7.816
10.458 19.843 5.856 11.074 19.16 4.756 12.254 20.1 4.397 10.016 18.375 3.319
13.432 19.47 4.5 14.688 20.142 4.277 15.559 19.62 3.182 15.764 18.855 6.275
15.139 18.693 2.369 15.856 18.075 1.242 14.912 17.924 0.093 17.957 16.772 3.166
15.353 18.198 -1.103 14.473 18.011 -2.255 14.173 16.508 -2.421 14.961 18.966 -3.935
12.939 16.083 -2.395 12.613 14.703 -2.625 12.764 14.388 -4.082 11.219 15.777 -1.991
13.163 13.162 -4.444 13.345 12.627 -5.759 12.691 11.229 -5.851 16.052 14.173 -5.953
12.163 10.872 -6.987 11.611 9.513 -7.154 12.853 8.554 -7.148 10.34 9.115 -8.597
12.806 7.404 -6.439 13.9 6.443 -6.365 13.861 5.483 -5.192 14.618 6.442 -7.061
