FGDDIPGMEGLGTDITVICPWEAFNHLELHELAQYGII
CCCCCCCCCCCCCCEEEEECHHHHCCHHHHHHHHCCCC
19.666 57.033 91.945 18.519 57.554 91.136 18.134 56.639 89.967 18.527 60.801 92.253
18.945 55.616 89.714 18.659 54.707 88.618 17.317 54.004 88.727 19.313 54.579 87.872
16.759 53.964 89.934 15.474 53.309 90.17 14.334 54.311 90.343 16.574 51.412 91.311
14.596 55.575 90.026 13.582 56.619 90.148 13.12 57.114 88.773 14.49 57.44 92.303
13.515 56.399 87.721 13.149 56.748 86.346 11.717 56.292 86.046 14.805 56.774 85.118
10.877 57.204 85.522 9.475 56.913 85.187 9.322 56.086 83.914 9.977 58.727 85.254
8.103 55.603 83.68 7.816 54.833 82.482 8.146 53.356 82.515 7.417 55.29 81.687
8.135 52.754 83.7 8.443 51.336 83.821 7.191 50.46 83.822 10.711 51.968 84.208
6.021 51.086 83.908 4.771 50.332 83.907 4.448 49.871 82.488 2.421 49.802 85.216
4.071 48.603 82.35 3.726 48.083 81.043 4.808 47.316 80.298 2.807 48.242 80.681
6.071 47.442 80.698 7.112 46.708 79.986 7.377 45.317 80.569 9.079 48.189 80.987
7.581 44.348 79.679 7.792 42.972 80.096 9.127 42.572 80.702 7.043 42.322 79.97
9.184 41.326 81.157 10.38 40.776 81.775 11.608 40.832 80.85 10.421 38.86 82.099
11.391 40.836 79.537 12.514 40.912 78.608 13.342 42.162 78.873 11.677 39.597 76.699
12.699 43.197 79.397 13.399 44.437 79.705 13.78 44.503 81.181 12.364 46.311 78.644
12.8 44.314 82.057 13.054 44.401 83.493 13.998 43.356 84.063 11.219 44.332 84.086
14.137 42.227 83.373 14.982 41.155 83.883 16.145 40.741 82.996 14.114 39.586 84.666
15.861 40.508 81.723 16.899 40.044 80.807 17.882 41.117 80.318 15.888 38.404 79.374
17.354 42.248 79.851 18.179 43.346 79.337 17.792 44.648 80.05 18.066 42.738 77.342
18.135 44.771 81.338 17.849 45.918 82.216 18.13 47.316 81.661 18.957 44.576 82.928
19.241 47.458 80.954 19.641 48.751 80.406 18.65 49.291 79.383 21.416 45.912 78.609
17.791 48.416 78.859 16.794 48.83 77.875 15.754 49.789 78.464 17.152 47.505 75.608
15.586 49.775 79.783 14.633 50.677 80.432 15.063 52.14 80.255 14.534 50.349 81.915
16.314 52.348 79.847 16.851 53.696 79.648 17.179 53.977 78.177 17.915 53.143 82.849
16.64 53.165 77.266 16.93 53.312 75.839 16.497 54.62 75.194 14.887 52.105 75.11
15.693 55.403 75.899 15.245 56.684 75.357 16.23 57.789 75.758 13.75 57.023 78.103
17.236 57.424 76.551 18.224 58.397 77.009 19.583 58.302 76.315 17.455 58.729 79.497
20.192 59.464 76.083 21.518 59.55 75.469 22.523 59.235 76.57 21.132 60.808 73.107
23.733 58.824 76.199 24.749 58.508 77.204 25.038 59.678 78.142 26.338 56.678 76.188
25.086 60.9 77.612 25.354 62.051 78.469 24.199 62.327 79.431 24.054 63.979 76.279
22.996 61.885 79.078 21.846 62.088 79.956 21.834 61.079 81.102 19.452 62.683 77.695
22.47 59.925 80.902 22.516 58.901 81.945 23.191 59.466 83.193 22.685 56.707 80.535
24.216 60.282 82.989 24.914 60.888 84.112 24.033 61.989 84.721 26.242 61.47 83.637
23.465 62.821 83.853 22.609 63.93 84.273 21.428 63.483 85.129 20.856 66.107 82.428
20.864 62.327 84.813 19.722 61.873 85.577 20.073 60.889 86.687 17.636 63.386 82.832
21.36 60.846 87.026 21.844 59.991 88.103 21.704 58.49 87.942 22.252 60.413 88.912
21.654 58.022 86.701 21.525 56.595 86.445 22.894 55.957 86.632 20.207 56.416 84.52
23.925 56.654 86.153 25.312 56.207 86.282 26.127 57.298 86.982 26.213 56.411 84.614
