GSNEKVELQELNDRFANYIDKVRFLEQQNKILLAELEQL
CCCHHHHHHHHHHHHHHHHHHHHHHHHHHHHHHHHHHHC
-3.973 14.91 3.348 -4.057 13.743 4.291 -2.71 13.091 4.588 -4.923 13.431 4.682
-2.749 11.875 5.124 -1.56 11.041 5.352 -0.428 11.094 4.303 -2.298 9.304 5.064
-0.71 11.013 3.009 0.382 11.1 2.025 1.051 12.498 2.058 -0.252 9.418 0.315
0.246 13.535 2.067 0.78 14.892 2.144 1.587 15.131 3.433 0.633 17.389 1.518
1.154 14.526 4.519 1.848 14.671 5.801 3.276 14.153 5.716 1.584 13.989 9.294
3.399 12.989 5.118 4.695 12.391 4.995 5.484 13.335 4.09 4.87 10.755 3.905
4.848 13.863 3.055 5.525 14.763 2.113 6.167 16.011 2.79 4.137 16.75 -0.268
5.442 16.727 3.628 5.935 17.944 4.273 7.017 17.66 5.312 4.055 19.639 3.953
6.914 16.541 6.008 7.936 16.121 6.936 9.239 15.785 6.18 8.395 15.514 9.396
9.112 15.14 5.044 10.252 14.85 4.221 10.895 16.13 3.731 10.231 13.049 1.457
10.089 17.085 3.306 10.612 18.356 2.824 11.378 19.051 3.941 9.69 20.347 1.428
10.814 19.137 5.145 11.453 19.741 6.256 12.781 19.053 6.578 11.002 20.553 8.546
12.769 17.73 6.53 13.947 16.939 6.903 15.071 17.091 5.871 12.782 15.252 8.254
14.692 17.081 4.605 15.7 17.247 3.561 16.253 18.644 3.634 15.901 13.888 1.248
15.448 19.646 3.944 15.992 21.0 4.072 16.945 21.085 5.256 15.977 24.253 4.277
16.592 20.457 6.377 17.478 20.452 7.531 18.839 19.887 7.159 16.885 19.691 8.669
18.824 18.784 6.436 20.095 18.153 6.058 20.879 19.112 5.143 19.334 15.814 6.088
20.209 19.73 4.197 20.84 20.668 3.264 21.456 21.839 3.968 21.026 22.737 0.162
20.71 22.528 4.816 21.198 23.751 5.46 22.377 23.377 6.366 20.206 25.287 6.243
22.301 22.232 7.017 23.43 21.82 7.877 24.678 21.668 7.017 22.209 20.573 9.613
24.527 21.043 5.866 25.679 20.809 4.983 26.265 22.127 4.477 26.432 18.635 1.956
25.435 22.996 3.936 25.963 24.236 3.404 26.511 25.158 4.503 24.513 24.786 2.2
25.956 25.112 5.696 26.508 25.906 6.773 27.925 25.395 7.106 22.686 27.042 9.16
28.083 24.084 7.159 29.406 23.51 7.403 30.365 23.902 6.304 31.555 20.971 7.542
29.955 23.774 5.06 30.848 24.137 3.957 31.188 25.616 3.905 30.484 22.215 2.24
30.285 26.513 4.305 30.597 27.921 4.358 31.66 28.157 5.425 30.203 30.444 3.995
31.542 27.467 6.555 32.562 27.605 7.583 33.906 27.108 7.004 32.667 27.767 10.385
33.852 25.985 6.295 35.075 25.417 5.715 35.658 26.365 4.697 35.979 22.875 6.104
34.853 27.056 3.892 35.378 27.994 2.918 36.19 29.076 3.618 33.479 27.854 1.264
35.672 29.567 4.719 36.357 30.628 5.443 37.644 30.113 6.091 33.568 31.951 7.195
37.639 28.903 6.598 38.873 28.316 7.142 39.897 28.136 6.048 38.341 26.607 8.661
39.499 27.566 4.937 40.414 27.397 3.828 40.994 28.703 3.35 39.544 25.243 2.594
40.163 29.697 3.188 40.643 30.981 2.727 41.725 31.512 3.646 39.682 33.116 1.77
41.46 31.406 4.925 42.41 31.945 5.927 43.708 31.156 5.894 41.752 31.861 7.248
43.642 29.841 5.757 44.851 29.007 5.658 45.663 29.361 4.429 43.51 26.222 6.836
45.023 29.566 3.298 45.708 29.816 2.027 46.367 31.15 1.985 44.314 28.427 0.292
45.83 32.076 2.741 46.365 33.436 2.793 47.598 33.468 3.653 43.481 35.071 2.877
47.97 32.342 4.235 49.256 32.279 4.954 50.41 31.832 4.08 48.174 31.158 7.924
50.247 31.67 2.768 51.352 31.13 1.92 52.657 31.926 2.016 51.057 32.311 0.099
