AREYDCYGDSYFIDTDLNQLKEVFSGIK
CCCCCCCCCCEEEECCHHHHHHHHHCCC
-26.136 7.632 9.758 -25.949 8.846 10.611 -25.816 8.449 12.078 -27.14 9.794 10.433
-24.965 9.159 12.813 -24.753 8.873 14.232 -25.709 9.647 15.145 -20.611 9.548 15.202
-26.006 9.069 16.305 -26.882 9.72 17.263 -26.029 10.537 18.232 -29.052 8.407 19.484
-24.873 9.999 18.608 -23.998 10.684 19.552 -22.658 11.118 18.977 -26.149 8.981 22.171
-22.022 12.078 19.643 -20.712 12.564 19.224 -19.672 11.781 20.014 -20.77 14.371 20.922
-18.411 11.914 19.624 -17.314 11.217 20.288 -17.309 11.323 21.814 -15.916 12.63 19.725
-18.017 12.298 22.365 -18.043 12.455 23.814 -19.315 11.901 24.457 -15.49 15.137 23.099
-20.296 11.542 23.644 -21.522 11.024 24.217 -22.674 12.013 24.288 -21.569 10.076 24.533
-22.528 13.175 23.651 -23.606 14.16 23.635 -24.395 13.905 22.359 -24.098 16.605 23.548
-25.715 13.867 22.489 -26.597 13.627 21.356 -26.512 14.773 20.364 -28.512 13.546 21.344
-26.614 14.466 19.076 -26.594 15.5 18.046 -28.028 15.974 17.845 -23.293 14.493 16.309
-28.979 15.155 18.291 -30.396 15.432 18.084 -31.277 15.773 19.263 -30.001 13.72 15.185
-31.066 15.097 20.376 -31.922 15.335 21.515 -31.33 16.294 22.507 -33.049 13.737 21.784
-32.153 17.244 22.951 -31.74 18.239 23.932 -31.089 17.522 25.097 -33.347 20.09 23.546
-30.347 18.266 25.894 -29.697 17.68 27.043 -30.087 18.481 28.27 -27.806 18.018 27.161
-29.516 18.131 29.41 -29.807 18.846 30.637 -28.726 18.568 31.661 -31.323 17.001 31.304
-28.85 19.204 32.821 -27.879 19.057 33.902 -27.295 17.653 34.048 -28.746 20.824 35.696
-28.145 16.682 34.364 -27.695 15.31 34.574 -26.918 14.689 33.425 -29.64 14.86 36.06
-27.379 14.903 32.199 -26.698 14.317 31.054 -25.366 14.96 30.69 -29.217 13.641 29.002
-25.282 16.28 30.795 -24.046 16.952 30.422 -22.923 16.666 31.411 -23.608 19.241 29.282
-23.262 16.576 32.695 -22.262 16.281 33.711 -21.604 14.947 33.369 -23.201 17.745 36.892
-22.419 14.001 32.907 -21.93 12.679 32.531 -20.937 12.781 31.381 -23.257 10.224 33.307
-21.295 13.573 30.376 -20.439 13.749 29.212 -19.1 14.387 29.587 -21.247 14.48 27.587
-19.146 15.451 30.39 -17.929 16.149 30.8 -16.986 15.252 31.596 -19.087 19.328 30.256
-17.495 14.656 32.672 -16.685 13.766 33.497 -15.962 12.754 32.61 -18.04 12.621 34.176
-16.611 12.341 31.526 -15.997 11.394 30.611 -14.817 12.0 29.861 -16.338 10.459 30.512
-14.75 13.326 29.845 -13.657 14.015 29.174 -12.56 14.279 30.209 -14.628 15.731 27.817
-11.362 13.759 29.961 -10.255 13.955 30.893 -9.097 14.743 30.279 -9.504 11.444 29.32
