IPRLDTLILVKAMGHRKRFGNPFR
CCCHHHHHHHHHHCCHHHCCCCCC
4.054 13.819 27.274 4.646 13.521 25.938 4.217 14.553 24.905 3.597 11.804 25.788
5.054 14.772 23.879 4.757 15.738 22.819 3.885 15.127 21.732 6.491 15.046 22.832
3.204 15.98 20.975 2.35 15.521 19.885 3.202 15.339 18.629 -1.135 17.206 19.359
2.684 14.581 17.669 3.4 14.353 16.427 3.639 15.687 15.732 3.322 12.818 14.41
2.629 16.552 15.737 2.756 17.843 15.07 3.785 18.754 15.731 0.788 18.78 16.248
4.055 18.527 17.009 5.056 19.325 17.696 6.428 18.922 17.162 5.033 19.507 19.612
6.589 17.638 16.847 7.851 17.139 16.32 8.113 17.739 14.948 8.12 14.827 17.403
7.064 17.854 14.131 7.195 18.427 12.791 7.481 19.93 12.89 6.044 17.32 11.463
6.912 20.577 13.899 7.134 21.998 14.121 8.63 22.221 14.438 6.308 23.896 15.483
9.187 21.381 15.303 10.593 21.487 15.687 11.518 21.228 14.499 11.183 20.606 17.329
11.191 20.217 13.706 11.986 19.879 12.537 12.027 21.076 11.576 12.294 17.346 10.026
10.881 21.736 11.403 10.779 22.891 10.508 11.676 24.039 10.958 9.327 23.363 10.426
11.786 24.218 12.274 12.618 25.27 12.854 14.061 24.948 12.537 11.558 25.626 15.804
14.414 23.672 12.679 15.767 23.245 12.385 16.041 23.457 10.912 16.394 22.874 13.07
15.011 23.233 10.106 15.111 23.402 8.669 15.345 24.868 8.293 14.118 22.572 5.832
14.726 25.777 9.04 14.874 27.21 8.803 16.134 27.713 9.503 11.461 26.834 7.618
16.754 26.844 10.293 17.954 27.204 11.037 17.708 28.417 11.928 20.079 26.139 8.466
16.467 28.564 12.392 16.08 29.665 13.27 14.954 29.244 14.209 16.538 33.074 10.407
14.979 29.784 15.423 13.946 29.492 16.407 12.76 30.366 16.03 15.686 28.045 18.972
11.572 29.987 16.482 10.39 30.764 16.161 9.511 30.032 15.169 10.21 31.663 16.561
8.216 30.342 15.177 7.261 29.7 14.279 7.78 29.673 12.848 5.139 30.163 13.148
8.098 28.474 12.337 8.622 28.304 10.981 7.589 28.33 9.871 8.617 26.779 12.053
6.33 28.539 10.23 5.27 28.558 9.228 4.738 29.97 8.994 4.895 25.266 10.031
3.928 30.463 9.927 3.362 31.803 9.812 4.493 32.828 9.709 -0.092 31.955 11.194
