MALTDTQVYVALVIALLPAVLAFRLSTELYK
CCCCHHHHHHHHHHHHHHHHHHHHHHHHHHC
94.239 73.671 102.666 95.644 73.73 103.171 96.576 74.331 102.125 96.0 70.595 102.629
97.841 74.505 102.499 98.835 75.071 101.594 99.109 74.131 100.423 100.136 75.365 102.344
99.455 74.728 99.28 99.773 73.983 98.064 101.119 73.325 98.328 98.927 75.021 95.779
101.327 72.131 97.796 102.602 71.445 98.002 103.502 71.582 96.766 101.909 69.658 98.202
104.76 71.201 96.918 105.69 71.24 95.804 105.083 70.461 94.637 107.788 71.402 97.062
104.68 69.232 94.93 104.103 68.358 93.925 103.003 69.031 93.117 103.699 66.505 94.409
102.143 69.779 93.774 101.089 70.418 93.012 101.596 71.483 92.046 98.888 70.575 95.423
102.683 72.157 92.406 103.269 73.18 91.565 103.909 72.479 90.349 104.386 74.552 92.399
104.671 71.421 90.622 105.323 70.654 89.565 104.298 70.075 88.619 108.246 70.498 91.922
103.238 69.479 89.162 102.215 68.901 88.32 101.593 69.951 87.422 100.912 67.678 89.064
101.388 71.151 87.951 100.802 72.237 87.166 101.773 72.64 86.041 100.494 73.442 88.072
103.062 72.771 86.363 104.056 73.119 85.358 104.045 72.139 84.172 106.014 74.356 86.535
104.004 70.842 84.471 103.995 69.834 83.43 102.745 69.947 82.559 104.452 67.995 83.873
101.579 70.07 83.184 100.358 70.165 82.404 100.392 71.412 81.529 98.471 69.6 83.744
101.06 72.451 82.017 101.173 73.704 81.277 101.824 73.495 79.896 101.974 74.726 82.102
102.672 72.466 79.776 103.355 72.143 78.515 102.365 71.788 77.408 105.67 71.199 79.316
101.215 71.214 77.766 100.21 70.856 76.777 99.754 72.096 76.006 98.049 69.463 76.61
99.248 73.123 76.712 98.817 74.289 75.933 99.963 75.076 75.297 98.513 74.389 77.781
101.177 74.914 75.812 102.314 75.62 75.215 102.534 75.013 73.808 103.578 75.458 76.081
102.619 73.689 73.748 102.803 73.017 72.482 101.62 73.351 71.562 103.376 71.132 72.462
100.391 73.232 72.061 99.229 73.53 71.238 99.2 74.996 70.808 97.441 71.804 72.044
99.833 75.874 71.577 99.863 77.287 71.181 100.891 77.437 70.045 100.24 78.179 72.373
101.997 76.709 70.15 103.025 76.746 69.117 102.394 76.261 67.801 106.076 75.93 67.897
101.626 75.181 67.883 100.958 74.65 66.712 99.941 75.611 66.107 101.556 70.575 66.691
99.095 76.207 66.937 98.096 77.1 66.391 98.719 78.322 65.735 95.942 78.271 67.02
99.743 78.877 66.371 100.361 80.066 65.824 101.078 79.808 64.502 101.853 80.291 66.988
101.808 78.697 64.392 102.492 78.408 63.135 101.447 78.076 62.069 103.638 76.942 63.733
100.303 77.539 62.478 99.261 77.227 61.509 98.586 78.505 61.005 97.971 74.974 60.659
98.529 79.527 61.857 97.953 80.816 61.481 98.932 81.54 60.521 96.304 81.665 63.462
100.209 81.109 60.512 101.293 81.535 59.581 102.537 82.389 59.783 99.923 79.583 56.891
103.533 82.117 58.924 104.838 82.804 58.855 104.685 84.311 58.802 106.967 82.579 57.045
