WQQWEEEIEQHEGNLSLLLREAALQVHIAQRDAR
CHHHHHHHHHCCCCHHHHHHHHHHHHHHHHHHCC
4.289 18.415 -4.514 3.088 18.87 -3.85 2.386 17.797 -3.032 1.161 21.886 -3.281
2.352 16.561 -3.517 1.705 15.498 -2.75 2.363 15.33 -1.381 1.267 12.243 -3.477
3.687 15.467 -1.347 4.45 15.317 -0.103 4.115 16.496 0.81 6.412 14.046 1.099
3.973 17.68 0.216 3.643 18.85 1.01 2.276 18.616 1.646 2.08 22.265 1.542
1.329 18.059 0.882 -0.017 17.777 1.383 -0.005 16.741 2.503 -1.93 18.911 -0.023
0.717 15.658 2.28 0.783 14.652 3.317 1.342 15.267 4.59 1.891 12.107 1.535
2.378 16.087 4.453 2.994 16.701 5.623 2.084 17.701 6.311 6.174 16.925 4.498
1.33 18.5 5.555 0.459 19.459 6.254 -0.638 18.713 7.02 -0.819 21.244 5.297
-1.09 17.572 6.5 -2.113 16.786 7.192 -1.546 16.236 8.51 -3.54 15.162 4.611
-0.268 15.857 8.525 0.356 15.352 9.748 0.484 16.486 10.756 2.9 13.492 8.629
0.862 17.658 10.274 0.98 18.801 11.193 -0.359 19.099 11.814 3.629 20.177 10.183
-1.399 19.062 10.997 -2.735 19.385 11.5 -3.187 18.363 12.528 -4.392 20.48 8.801
-2.997 17.079 12.234 -3.409 16.048 13.174 -2.732 16.194 14.516 -4.068 15.336 12.931
-1.424 16.397 14.495 -0.687 16.53 15.728 -1.045 17.833 16.445 1.587 16.466 16.652
-1.233 18.927 15.707 -1.579 20.176 16.382 -2.962 20.065 17.034 -1.287 22.733 15.792
-3.92 19.423 16.37 -5.258 19.258 16.945 -5.183 18.457 18.254 -5.931 17.952 15.738
-4.343 17.431 18.279 -4.179 16.6 19.468 -3.569 17.439 20.603 -3.173 14.14 19.857
-2.563 18.25 20.274 -1.92 19.066 21.306 -2.84 20.161 21.823 0.636 19.016 20.646
-3.668 20.723 20.955 -4.617 21.747 21.362 -5.632 21.152 22.322 -4.945 23.516 19.486
-6.139 19.951 22.009 -7.114 19.319 22.883 -6.51 19.061 24.273 -9.246 15.598 23.517
-5.268 18.565 24.318 -4.614 18.274 25.602 -4.382 19.574 26.378 -3.274 16.514 27.117
-3.963 20.63 25.684 -3.799 21.907 26.379 -5.13 22.405 26.928 -3.203 22.954 25.431
-6.194 22.337 26.139 -7.508 22.782 26.611 -7.924 22.03 27.868 -8.528 22.561 25.524
-7.664 20.721 27.888 -8.008 19.89 29.06 -7.225 20.343 30.278 -8.647 17.572 28.145
-5.913 20.523 30.088 -5.079 20.971 31.193 -5.477 22.371 31.67 -2.091 19.562 30.635
-5.852 23.239 30.736 -6.298 24.579 31.13 -7.576 24.462 31.986 -6.331 25.982 29.817
-8.483 23.57 31.598 -9.715 23.378 32.382 -9.385 22.912 33.813 -11.995 21.342 33.138
-8.488 21.994 33.929 -8.114 21.452 35.243 -7.559 22.565 36.143 -6.966 19.34 34.969
-6.684 23.428 35.528 -6.1 24.524 36.295 -7.162 25.529 36.695 -5.006 25.216 35.467
-8.11 25.79 35.799 -9.171 26.739 36.115 -10.0 26.214 37.259 -10.325 27.878 33.186
-10.267 24.911 37.243 -11.1 24.321 38.291 -10.367 24.339 39.625 -13.175 20.644 39.241
-9.055 24.111 39.597 -8.277 24.106 40.821 -8.273 25.53 41.423 -6.743 22.185 40.393
-8.147 26.548 40.581 -8.091 27.93 41.067 -9.403 28.469 41.618 -7.563 28.874 39.939
-10.514 27.857 41.215 -11.848 28.281 41.627 -12.136 27.889 43.082 -15.991 27.93 40.241
