EVKQLEAEVEEIESEVWHLENEVARLEKENAECEA
CHHHHHHHHHHHHHHHHHHHHHHHHHHHHHHHHCC
61.842 51.592 25.833 60.518 51.464 25.226 60.553 50.586 23.976 58.447 53.864 24.12
60.625 51.225 22.814 60.672 50.521 21.539 62.127 50.291 21.142 59.531 51.166 20.095
62.978 51.255 21.468 64.394 51.153 21.149 64.956 49.844 21.691 65.15 52.337 21.743
64.496 49.448 22.874 64.959 48.214 23.498 64.502 47.004 22.689 64.432 48.115 24.921
63.287 47.084 22.155 62.728 46.0 21.36 63.35 45.935 19.973 60.676 45.52 22.42
63.499 47.086 19.325 64.083 47.105 17.994 65.526 46.625 18.073 62.785 49.921 16.725
66.17 46.889 19.205 67.551 46.463 19.401 67.592 44.945 19.555 68.139 47.129 20.64
66.666 44.402 20.338 66.613 42.961 20.551 66.32 42.237 19.236 64.842 41.165 22.739
65.43 42.801 18.417 65.121 42.197 17.133 66.412 42.141 16.327 63.59 42.78 16.078
67.168 43.237 16.335 68.427 43.254 15.616 69.385 42.177 16.132 69.356 46.435 14.933
69.543 42.073 17.45 70.465 41.094 18.037 70.099 39.633 17.739 70.854 42.688 20.97
68.817 39.309 17.815 68.394 37.94 17.544 68.511 37.635 16.059 66.389 37.532 18.762
68.071 38.567 15.234 68.144 38.356 13.8 69.566 38.128 13.298 66.565 39.89 11.407
70.536 38.783 13.928 71.933 38.588 13.556 72.343 37.135 13.834 73.513 39.36 14.319
71.964 36.62 15.0 72.293 35.24 15.393 71.655 34.259 14.408 73.429 35.316 17.853
70.417 34.554 14.022 69.689 33.731 13.065 70.431 33.677 11.728 67.772 33.976 12.843
70.841 34.837 11.202 71.566 34.87 9.932 72.814 33.997 9.952 70.386 38.833 9.203
73.576 34.075 11.033 74.785 33.26 11.142 74.463 31.761 11.219 76.545 35.671 12.058
73.365 31.407 11.877 73.027 29.989 11.952 72.568 29.539 10.572 72.449 29.564 14.383
71.846 30.408 9.864 71.406 30.053 8.523 72.631 29.802 7.653 68.796 32.055 7.987
73.666 30.634 7.81 74.89 30.434 7.031 75.509 29.074 7.404 75.524 32.876 6.884
75.532 28.762 8.695 76.12 27.498 9.152 75.338 26.292 8.622 77.027 26.561 12.192
74.012 26.368 8.686 73.186 25.281 8.178 73.523 25.026 6.7 71.267 25.266 8.504
73.612 26.096 5.915 73.912 25.966 4.491 75.262 25.276 4.256 73.89 27.346 3.824
76.271 25.649 5.041 77.598 25.044 4.919 77.606 23.575 5.367 79.576 27.783 6.909
76.943 23.292 6.489 76.866 21.938 7.019 76.089 21.02 6.084 76.923 22.154 9.649
75.067 21.553 5.422 74.273 20.75 4.508 75.141 20.394 3.307 71.134 21.996 4.593
75.996 21.33 2.914 76.897 21.098 1.796 77.858 19.969 2.167 78.692 23.721 0.138
78.494 20.083 3.332 79.432 19.057 3.789 78.767 17.686 3.866 81.071 20.533 6.326
77.543 17.645 4.386 76.837 16.373 4.514 76.553 15.745 3.158 74.907 15.268 5.564
76.1 16.559 2.208 75.805 16.083 0.858 77.055 15.469 0.242 75.313 17.236 -0.007
78.182 16.156 0.393 79.444 15.66 -0.139 79.743 14.278 0.424 81.346 18.403 0.071
79.789 14.188 1.749 80.081 12.939 2.435 79.131 11.787 2.097 80.404 12.434 4.409
77.828 12.046 2.08 76.867 10.986 1.784 76.859 10.549 0.325 74.083 11.412 3.614
77.284 11.435 -0.568 77.312 11.107 -1.986 78.676 10.542 -2.363 78.065 10.969 -2.25
