KTIRIRDPNQGGKDITEEIMSG
CCEEECCCCCCCCCCHHHHHCC
20.447 38.35 -11.763 21.204 38.246 -13.047 20.717 37.073 -13.911 22.697 38.096 -12.751
20.135 37.384 -15.069 19.634 36.36 -15.995 20.454 36.367 -17.282 17.729 36.233 -16.357
20.528 35.229 -17.969 21.271 35.153 -19.228 20.365 35.589 -20.378 22.562 33.138 -19.326
20.83 36.564 -21.155 20.048 37.087 -22.275 20.811 36.973 -23.593 16.85 38.267 -21.191
20.074 36.936 -24.698 20.685 36.823 -26.019 20.553 38.14 -26.778 20.046 34.712 -26.982
21.686 38.787 -27.009 21.714 40.06 -27.711 21.792 39.839 -29.215 22.069 42.761 -24.654
21.777 40.931 -29.972 21.876 40.868 -31.426 22.636 42.102 -31.902 20.509 40.456 -33.441
23.949 41.969 -32.145 24.717 43.133 -32.6 24.119 43.862 -33.811 25.559 41.47 -32.774
23.561 43.104 -34.754 22.971 43.691 -35.954 21.554 44.201 -35.727 24.258 42.094 -37.356
21.29 44.695 -34.52 19.977 45.225 -34.161 20.086 46.071 -32.895 18.158 42.526 -34.869
21.262 46.661 -32.703 21.491 47.501 -31.542 21.682 46.694 -30.278 21.514 48.499 -31.604
21.871 45.389 -30.438 22.055 44.542 -29.279 20.727 44.29 -28.598 22.948 44.191 -28.997
19.669 44.22 -29.4 18.335 43.965 -28.874 18.299 42.582 -28.22 17.308 44.041 -30.0
17.457 42.434 -27.199 17.324 41.162 -26.494 16.359 40.244 -27.232 16.674 40.133 -24.342
16.918 39.286 -27.967 16.135 38.323 -28.731 15.957 37.014 -27.954 17.75 37.996 -30.468
16.189 37.072 -26.648 16.078 35.905 -25.778 14.78 35.115 -25.924 16.624 36.128 -23.944
13.676 35.661 -25.42 12.396 34.96 -25.501 12.095 34.532 -26.938 11.261 35.832 -24.955
12.453 35.365 -27.911 12.23 35.01 -29.306 12.858 33.645 -29.573 13.417 36.345 -32.145
14.161 33.535 -29.328 14.873 32.28 -29.552 14.31 31.121 -28.735 17.257 32.505 -29.78
13.915 31.391 -27.495 13.351 30.349 -26.645 11.985 29.943 -27.183 13.813 31.7 -23.818
11.624 30.499 -28.333 10.341 30.222 -28.962 10.463 29.394 -30.243 9.056 31.443 -29.673
11.647 29.398 -30.851 11.843 28.643 -32.077 13.239 28.74 -32.672 11.094 28.111 -32.471
