RVCPRILLECKKDSDCLAECVCLEHGYCG
CCCCCHHHEECCCCCHHHHHHEECCCCCC
44.351 57.6 9.425 43.898 57.05 10.682 44.185 55.563 10.666 39.875 56.464 11.823
44.645 54.991 11.71 45.024 53.573 11.851 43.96 52.851 12.68 46.853 53.072 12.131
43.16 52.07 11.984 42.117 51.305 12.616 42.146 49.909 12.07 40.06 51.49 12.662
42.604 48.937 12.817 42.707 47.577 12.258 41.433 47.005 11.765 43.271 47.847 14.048
41.524 46.147 10.786 40.376 45.492 10.199 40.081 44.242 11.064 41.046 46.937 6.087
39.568 44.502 12.246 39.188 43.482 13.23 37.807 43.769 13.685 41.082 43.081 14.672
36.94 42.718 13.659 35.554 42.864 14.025 35.471 42.927 15.545 33.362 41.546 13.402
35.032 44.062 16.097 34.925 44.255 17.499 33.67 45.067 17.808 37.326 44.292 18.552
32.908 44.609 18.759 31.808 45.353 19.318 32.278 46.322 20.347 29.489 42.94 19.524
31.467 47.292 20.708 31.839 48.279 21.567 30.588 49.057 22.163 32.34 49.73 20.164
30.869 49.542 23.391 29.913 50.425 23.991 30.503 51.834 24.014 27.594 48.812 25.772
31.837 52.034 24.074 32.59 53.254 24.169 33.792 53.158 23.263 31.374 53.919 27.279
34.387 54.272 22.956 35.63 54.27 22.121 36.776 53.471 22.736 35.33 56.476 20.97
36.842 53.454 24.076 37.786 52.733 24.793 37.761 51.219 24.561 37.112 52.796 26.518
36.658 50.679 24.07 36.551 49.313 23.717 37.271 48.937 22.423 34.41 48.821 24.826
37.695 49.975 21.679 38.241 49.759 20.386 39.78 49.797 20.428 36.762 50.74 19.317
40.392 49.278 19.375 41.839 49.257 19.206 42.308 50.473 18.435 42.307 46.712 18.892
43.558 50.882 18.752 44.28 51.854 17.938 43.422 53.103 17.803 44.723 51.243 16.667
43.2 53.585 16.603 42.402 54.812 16.355 41.053 54.493 15.829 44.911 56.633 15.075
40.547 53.273 16.01 39.17 52.991 15.764 38.299 53.738 16.82 39.332 50.954 15.328
37.102 54.046 16.414 36.092 54.664 17.321 34.867 53.817 17.335 35.962 56.402 16.447
34.058 53.985 18.386 32.873 53.178 18.58 31.744 53.851 17.791 31.839 52.406 20.119
31.247 53.183 16.78 30.094 53.717 16.066 28.801 53.266 16.721 31.408 53.549 13.739
27.713 54.028 16.599 26.479 53.85 17.291 25.719 52.571 16.92 25.023 56.723 18.038
25.98 52.072 15.75 25.512 50.745 15.266 26.098 49.588 16.073 24.79 49.018 12.709
27.152 49.836 16.872 27.683 49.005 17.988 28.978 48.312 17.738 27.197 48.917 18.857
29.697 48.769 16.668 30.986 48.183 16.254 32.013 49.281 16.085 29.599 44.78 15.334
33.27 48.847 16.289 34.403 49.712 16.072 34.625 49.955 14.588 35.624 48.932 17.566
35.096 51.166 14.244 35.435 51.451 12.86 36.14 52.739 12.706 35.21 50.835 12.105
