TNEFSADHPFIYVIRHVDGKILFVGRYSSPT
CCCCCCCCCEEEEEEECCCEEEEEEEECCCC
6.766 29.914 38.352 6.636 30.626 39.639 7.925 30.59 40.435 5.066 30.307 40.745
8.537 31.745 40.692 9.79 31.748 41.454 9.524 31.475 42.931 10.667 33.478 39.939
10.502 30.866 43.577 10.46 30.475 44.975 11.612 30.991 45.826 8.696 28.666 45.068
11.306 31.489 47.029 12.313 31.756 48.054 11.988 30.849 49.235 14.173 33.903 49.984
12.673 29.72 49.363 12.274 28.753 50.399 13.41 28.576 51.41 11.574 26.98 50.346
13.259 29.253 52.537 14.353 29.264 53.515 14.282 28.003 54.376 14.285 30.527 54.364
14.618 26.855 53.758 14.555 25.58 54.48 15.956 25.005 54.666 14.153 24.116 52.484
16.949 25.895 54.64 18.332 25.515 54.962 19.028 26.791 55.482 19.176 26.043 51.92
20.193 26.717 56.109 20.706 27.88 56.867 20.772 29.163 56.058 21.684 26.287 57.005
20.375 30.257 56.716 20.312 31.536 56.037 20.731 32.658 56.982 17.039 31.835 57.154
20.998 33.83 56.426 21.28 35.001 57.247 20.143 35.992 57.127 23.58 35.567 57.074
19.841 36.715 58.202 18.755 37.679 58.163 19.273 38.962 58.839 17.757 36.199 61.57
18.878 40.094 58.264 19.285 41.421 58.711 18.065 42.306 58.939 20.716 42.288 57.721
17.942 42.906 60.125 16.909 43.922 60.331 17.551 45.292 60.136 15.521 43.375 62.198
17.01 46.102 59.22 17.708 47.364 58.983 16.732 48.51 58.723 18.118 47.274 54.491
17.279 49.708 58.878 16.57 50.93 58.524 16.663 51.073 57.01 16.086 54.017 58.896
15.547 51.326 56.328 15.709 51.323 54.864 16.444 52.607 54.501 14.217 50.677 53.805
17.361 52.443 53.553 18.315 53.506 53.25 19.229 53.785 54.426 17.231 54.646 51.4
19.278 52.885 55.408 20.087 53.237 56.57 20.799 52.048 57.186 20.146 54.178 56.903
20.913 52.16 58.502 21.825 51.292 59.199 21.204 49.941 59.528 22.315 52.695 62.576
22.133 49.019 59.687 21.829 47.704 60.242 21.546 47.725 61.725 23.345 46.136 59.27
20.405 47.174 62.079 19.96 47.179 63.475 20.253 45.851 64.175 17.974 48.832 63.185
20.028 44.74 63.472 20.254 43.395 64.02 20.698 42.506 62.861 17.886 44.061 66.476
21.462 41.474 63.153 21.92 40.559 62.099 21.996 39.174 62.741 23.773 40.647 61.474
21.503 38.161 62.037 21.503 36.818 62.612 21.748 35.741 61.576 21.355 36.657 63.588
22.094 34.548 62.089 22.182 33.333 61.314 21.14 32.378 61.876 25.585 30.82 61.667
20.301 31.866 60.986 19.363 30.795 61.322 20.046 29.482 60.9 15.955 29.131 61.513
20.462 28.68 61.861 21.134 27.409 61.616 20.239 26.215 61.898 22.902 27.702 62.25
19.326 26.419 62.865 18.508 25.295 63.3 17.278 25.772 64.074 18.926 23.769 64.396
16.23 24.988 63.884 14.983 25.138 64.649 15.196 24.969 66.144 15.018 23.863 63.239
14.607 25.851 66.946 14.799 25.743 68.399 13.487 25.346 69.074 15.839 27.118 69.302
