IKKNFAKSKWKQAFNATAVVRHMRK
CCHHHHHHHHHHHHHHHHHHHHHCC
12.187 24.174 16.475 13.603 23.67 16.363 14.519 24.769 16.843 13.812 22.603 14.282
15.494 24.425 17.677 16.416 25.436 18.211 17.377 25.939 17.139 15.373 25.444 21.129
17.812 27.187 17.304 18.658 27.806 16.308 19.937 27.037 16.014 19.243 30.639 14.596
20.465 26.309 17.002 21.751 25.639 16.819 21.649 24.26 16.146 21.851 24.818 19.187
20.43 23.843 15.852 20.231 22.53 15.232 20.912 22.418 13.88 18.255 20.172 13.745
20.721 23.413 13.02 21.225 23.293 11.657 22.742 23.12 11.578 20.774 24.493 10.795
23.494 23.989 12.24 24.938 23.891 12.169 25.454 22.536 12.643 27.325 26.197 11.993
24.905 22.079 13.758 25.343 20.803 14.316 24.944 19.621 13.412 24.14 20.771 15.811
23.747 19.655 12.851 23.33 18.51 12.022 24.091 18.478 10.677 21.177 16.161 12.301
24.305 19.651 10.069 25.116 19.719 8.852 26.523 19.17 9.119 23.51 21.575 5.896
27.122 19.57 10.232 28.485 19.131 10.545 28.523 17.622 10.784 31.462 19.91 11.224
27.478 17.066 11.379 27.475 15.604 11.616 27.474 14.848 10.277 25.236 13.724 13.259
26.629 15.284 9.347 26.585 14.688 8.008 27.899 14.896 7.253 25.396 15.272 7.212
28.464 16.103 7.334 29.753 16.369 6.709 30.808 15.388 7.236 32.569 18.209 6.38
30.819 15.21 8.558 31.818 14.345 9.184 31.67 12.897 8.737 32.528 15.635 11.177
30.447 12.46 8.481 30.266 11.095 7.953 30.986 10.958 6.605 28.809 10.739 7.823
30.866 11.97 5.735 31.553 11.867 4.454 33.059 11.916 4.638 30.821 13.449 3.559
33.502 12.765 5.56 34.93 12.975 5.779 35.572 11.719 6.356 35.151 14.139 6.728
34.864 11.067 7.271 35.388 9.828 7.861 35.536 8.747 6.802 34.635 9.153 9.546
34.494 8.548 5.996 34.56 7.517 4.958 35.69 7.838 3.977 32.929 6.889 4.118
35.785 9.101 3.574 36.844 9.518 2.666 38.221 9.213 3.242 38.851 13.137 1.401
38.411 9.57 4.503 39.702 9.359 5.149 40.038 7.881 5.285 41.574 9.674 7.642
39.066 7.109 5.735 39.348 5.695 6.016 39.532 4.863 4.76 37.671 4.666 8.404
38.975 5.308 3.646 39.08 4.498 2.436 40.404 4.709 1.721 36.268 2.98 -0.934
41.096 5.779 2.088 42.438 6.028 1.581 42.766 7.501 1.682 44.126 5.64 -1.034
