EVKASLRALGEPITLFGEGPAERRERLRNIL
CHHHHHHHHCCCCEECCCCHHHHHHHHHHHC
-60.619 -44.669 5.058 -59.835 -43.683 5.856 -60.605 -42.372 6.002 -58.484 -43.436 5.2
-60.634 -41.865 7.228 -61.347 -40.642 7.553 -60.965 -39.434 6.701 -61.56 -40.266 9.459
-59.669 -39.14 6.622 -59.192 -37.987 5.863 -59.604 -37.969 4.397 -55.883 -37.223 7.604
-59.389 -39.081 3.704 -59.749 -39.171 2.298 -61.26 -39.023 2.107 -59.269 -40.498 1.725
-62.036 -39.468 3.09 -63.488 -39.374 3.002 -63.926 -37.92 3.107 -63.96 -40.876 4.058
-63.38 -37.217 4.093 -63.708 -35.81 4.289 -63.273 -35.023 3.062 -63.49 -35.397 6.873
-62.143 -35.425 2.485 -61.611 -34.764 1.3 -62.585 -34.998 0.148 -57.847 -35.735 0.845
-63.057 -36.235 0.019 -64.006 -36.585 -1.035 -65.302 -35.788 -0.874 -64.302 -38.084 -1.001
-65.579 -35.321 0.342 -66.785 -34.536 0.591 -66.485 -33.039 0.641 -68.307 -36.14 1.984
-65.272 -32.671 0.249 -64.89 -31.27 0.246 -64.836 -30.624 1.617 -64.685 -30.799 -0.612
-64.756 -31.439 2.664 -64.687 -30.925 4.03 -63.227 -30.855 4.468 -67.217 -30.991 4.994
-62.916 -29.995 5.457 -61.525 -29.915 5.906 -61.133 -31.301 6.415 -62.689 -28.638 6.62
-59.891 -31.708 6.186 -59.468 -33.006 6.671 -59.023 -32.865 8.115 -57.481 -33.316 5.38
-58.647 -31.646 8.504 -58.181 -31.383 9.867 -58.463 -29.956 10.336 -56.386 -31.962 10.331
-59.113 -29.826 11.485 -59.378 -28.511 12.052 -58.226 -28.297 13.03 -61.99 -28.372 12.106
-57.922 -27.044 13.358 -56.822 -26.752 14.276 -56.87 -27.595 15.543 -54.916 -24.661 16.166
-55.76 -28.266 15.838 -55.666 -29.083 17.04 -56.595 -30.279 17.147 -55.004 -28.838 17.748
-57.251 -30.633 16.052 -58.178 -31.758 16.057 -57.442 -33.094 16.141 -60.632 -32.306 13.836
-57.949 -33.99 16.985 -57.342 -35.3 17.143 -58.067 -36.351 16.316 -56.548 -35.454 17.73
-57.536 -37.583 16.221 -58.153 -38.667 15.447 -59.622 -38.927 15.777 -56.497 -39.055 16.21
-59.928 -39.094 17.057 -61.296 -39.368 17.477 -62.251 -38.252 17.058 -61.348 -39.561 18.988
-61.824 -37.01 17.252 -62.648 -35.863 16.902 -62.887 -35.819 15.402 -61.251 -33.607 18.924
-61.843 -36.109 14.636 -61.935 -36.119 13.183 -62.94 -37.19 12.755 -58.49 -36.14 11.299
-62.852 -38.368 13.368 -63.767 -39.461 13.045 -65.212 -39.046 13.311 -61.31 -42.2 14.682
-65.435 -38.486 14.496 -66.758 -38.056 14.912 -67.316 -36.983 13.982 -68.501 -38.245 16.799
-66.461 -36.061 13.547 -66.901 -35.0 12.647 -67.434 -35.598 11.349 -64.284 -32.388 10.918
-66.735 -36.598 10.826 -67.157 -37.253 9.595 -68.434 -38.043 9.841 -66.173 -38.947 7.856
-68.474 -38.741 10.972 -69.625 -39.559 11.33 -70.92 -38.751 11.353 -70.885 -40.88 15.03
-70.847 -37.509 11.821 -72.036 -36.666 11.892 -72.482 -36.126 10.539 -71.747 -35.924 14.246
-71.585 -36.158 9.561 -71.905 -35.674 8.226 -72.556 -36.771 7.386 -70.113 -34.338 7.365
-72.075 -38.0 7.532 -72.618 -39.114 6.762 -74.099 -39.342 7.056 -71.349 -40.376 6.494
