ESCKGRCTEGFNVDKKCQCDELCSYYQSCCTDYTAEC
CCCCCCCCCCCCCCCCCCHHHHHHHHHHHHCCCCCCC
11.672 19.177 51.058 10.68 18.494 50.169 9.672 19.476 49.542 9.753 15.417 51.173
9.93 20.772 49.717 9.1 21.83 49.137 9.852 22.571 48.03 8.203 23.304 49.952
9.102 23.213 47.133 9.672 24.006 46.041 9.678 25.508 46.324 9.266 23.088 44.224
9.12 25.901 47.472 9.067 27.303 47.908 10.427 27.991 47.759 7.65 28.341 51.188
10.463 29.051 46.949 11.686 29.785 46.657 12.823 29.016 45.991 11.741 30.754 46.898
12.5 27.945 45.262 13.51 27.061 44.66 13.341 26.931 43.139 14.088 23.313 46.241
12.358 27.653 42.6 11.873 27.514 41.219 12.825 28.055 40.152 9.91 27.862 41.644
13.958 28.544 40.622 14.791 29.433 39.863 16.234 28.958 40.024 14.6 31.375 40.116
16.407 27.834 40.719 17.733 27.365 41.101 18.234 26.181 40.284 17.372 25.828 44.09
17.347 25.584 39.493 17.726 24.487 38.632 17.791 23.174 39.375 17.916 24.618 37.659
18.464 22.203 38.76 18.581 20.85 39.294 19.497 20.865 40.505 19.508 17.571 39.065
19.097 20.136 41.542 19.841 20.066 42.79 19.926 18.611 43.237 20.017 21.294 44.963
21.068 17.984 42.956 21.298 16.559 43.236 21.18 16.224 44.726 23.096 15.764 42.897
21.451 17.217 45.571 21.419 17.029 47.017 19.998 17.034 47.584 23.711 17.971 47.357
19.067 17.693 46.891 17.68 17.789 47.367 16.876 16.542 47.032 17.988 20.737 48.478
15.886 16.239 47.871 15.124 14.991 47.766 14.127 14.973 46.606 14.833 14.449 51.229
13.683 16.157 46.191 12.813 16.329 45.024 13.17 17.632 44.299 11.124 16.97 46.022
12.879 17.686 42.999 13.392 18.741 42.116 12.359 19.803 41.777 15.765 17.838 41.577
12.841 20.929 41.247 11.993 22.088 40.966 12.309 22.735 39.625 11.894 22.824 42.89
13.18 22.089 38.856 13.605 22.603 37.55 12.501 22.438 36.495 14.631 20.501 36.728
12.59 23.198 35.403 11.55 23.198 34.371 11.271 21.831 33.707 11.747 26.18 32.828
12.201 20.888 33.785 11.968 19.589 33.166 11.656 18.456 34.149 13.523 19.812 31.002
11.49 18.772 35.438 11.401 17.723 36.465 10.29 16.701 36.226 10.535 18.774 38.048
9.199 17.123 35.587 8.093 16.213 35.283 8.552 15.076 34.364 7.05 17.199 34.037
9.458 15.387 33.434 10.043 14.396 32.538 10.921 13.397 33.288 9.272 16.629 29.557
11.258 13.733 34.524 12.099 12.868 35.336 11.339 12.328 36.54 14.972 14.024 33.355
10.03 12.593 36.57 9.143 12.129 37.638 9.734 12.435 39.02 9.099 10.21 35.528
10.204 13.672 39.194 10.956 14.072 40.382 10.47 15.378 41.014 12.595 14.74 39.648
9.414 15.962 40.448 8.843 17.209 40.955 8.317 17.034 42.384 7.888 17.894 39.195
8.69 17.955 43.274 8.018 18.106 44.564 6.531 18.344 44.287 9.49 19.29 45.459
5.664 17.861 45.181 4.208 17.906 44.976 3.629 19.321 44.846 3.274 16.55 46.029
4.345 20.307 45.386 3.956 21.71 45.267 4.71 22.483 44.167 5.468 22.586 47.077
5.374 21.761 43.261 6.055 22.389 42.126 5.089 23.275 41.346 7.585 22.525 38.675
3.92 22.727 41.032 2.93 23.391 40.195 2.494 24.735 40.779 1.528 22.239 39.458
2.135 24.726 42.061 1.618 25.906 42.75 2.688 26.945 43.124 0.826 25.483 43.988
3.942 26.508 43.241 5.046 27.42 43.546 5.661 27.98 42.262 5.638 27.377 46.205
6.015 27.073 41.35 6.73 27.397 40.121 5.779 27.583 38.945 8.234 26.038 40.534
