PTPCVPAECFDLLVRHCVACGLLRTPRPKPA
CCCCCCHHHHHHHHHHHHHHHHHCCCCCCCC
-2.358 49.937 -50.908 -2.098 48.514 -50.515 -3.368 47.807 -49.992 -1.386 49.771 -49.357
-3.232 46.5 -49.741 -4.287 45.624 -49.199 -3.972 44.102 -49.219 -6.212 45.872 -49.624
-2.891 43.663 -49.92 -2.612 42.212 -49.92 -2.881 41.613 -48.537 -1.289 43.288 -50.691
-4.071 41.032 -48.362 -4.425 40.438 -47.067 -4.639 38.928 -47.159 -5.639 41.971 -46.258
-4.076 38.211 -46.195 -4.236 36.766 -46.144 -5.751 36.524 -46.133 -3.231 35.785 -44.781
-6.223 35.424 -46.76 -7.684 35.254 -46.699 -8.038 35.198 -45.207 -6.75 34.044 -47.802
-9.262 35.606 -44.861 -9.714 35.623 -43.454 -9.255 36.933 -42.783 -9.162 34.391 -42.671
-8.568 37.77 -43.567 -8.086 39.065 -43.084 -8.439 40.143 -44.1 -5.186 38.71 -41.463
-9.22 41.111 -43.636 -9.675 42.218 -44.47 -8.899 43.509 -44.166 -11.666 41.685 -44.585
-8.776 44.369 -45.179 -8.055 45.628 -45.006 -8.922 46.661 -44.276 -6.004 48.1 -46.139
-8.457 47.109 -43.107 -9.179 48.105 -42.316 -8.755 49.501 -42.816 -9.684 48.726 -39.961
-9.679 50.212 -43.46 -9.386 51.544 -43.987 -9.14 52.608 -42.908 -10.621 51.581 -46.288
-9.504 52.307 -41.663 -9.306 53.255 -40.57 -7.89 53.121 -40.03 -10.558 53.981 -38.387
-7.559 51.922 -39.547 -6.241 51.637 -38.99 -5.225 51.414 -40.112 -6.465 50.346 -37.546
-5.728 51.328 -41.341 -4.897 51.128 -42.53 -3.993 49.885 -42.581 -4.174 55.646 -43.69
-4.558 48.714 -42.276 -3.809 47.444 -42.337 -4.742 46.245 -42.151 -3.336 47.189 -39.195
-4.279 45.07 -42.578 -5.1 43.856 -42.498 -5.504 43.47 -41.076 -4.126 42.838 -44.046
-6.776 43.098 -40.934 -7.347 42.703 -39.654 -8.303 41.534 -39.9 -8.084 44.086 -38.449
-8.458 40.653 -38.906 -9.368 39.51 -39.033 -10.744 40.034 -39.456 -9.476 38.771 -37.703
-11.175 39.665 -40.664 -12.461 40.118 -41.19 -13.583 40.084 -40.146 -12.236 39.312 -43.101
-13.48 39.162 -39.19 -14.491 39.065 -38.155 -14.691 40.391 -37.442 -14.977 38.213 -37.962
-13.587 41.081 -37.147 -13.634 42.366 -36.453 -14.563 43.403 -37.091 -11.494 42.136 -35.396
-14.616 43.424 -38.417 -15.462 44.385 -39.117 -16.811 43.781 -39.527 -13.633 45.85 -40.317
-17.817 44.648 -39.662 -19.16 44.236 -40.08 -19.016 43.616 -41.48 -20.996 47.01 -38.796
-19.769 42.55 -41.74 -19.722 41.866 -43.035 -19.978 42.831 -44.208 -20.911 40.379 -42.633
-18.962 43.025 -45.07 -19.016 43.909 -46.244 -20.311 43.815 -47.051 -17.421 42.966 -46.017
-21.14 44.858 -46.962 -22.408 44.903 -47.703 -22.149 44.531 -49.18 -25.573 46.647 -46.278
-22.785 43.441 -49.676 -22.595 43.016 -51.08 -23.0 44.12 -52.076 -23.481 41.788 -49.961
-22.0 44.778 -52.668 -22.264 45.865 -53.619 -21.213 46.11 -54.729 -24.487 48.224 -51.624
-19.905 46.199 -54.368 -18.821 46.437 -55.36 -18.609 45.307 -56.395 -18.369 46.728 -53.546
-19.326 45.359 -57.523 -19.231 44.316 -58.565 -17.804 44.002 -59.104 -18.522 44.228 -59.01
