CGKRSAEGSNPPKPLKKLRG
CCCCCCCCCCCCCCHHHHCC
44.719 48.949 35.878 44.09 50.277 36.149 43.244 50.229 37.428 42.871 51.538 35.006
43.074 51.381 38.069 42.29 51.402 39.284 41.968 52.757 39.88 41.99 50.537 39.686
42.28 52.871 41.165 42.026 54.06 41.96 42.548 55.359 41.371 41.286 52.105 44.522
41.678 56.36 41.317 42.039 57.676 40.818 41.855 58.627 41.986 39.493 58.361 38.086
42.924 59.334 42.335 42.895 60.255 43.468 41.932 61.42 43.369 44.7 60.311 44.097
41.55 61.922 44.542 40.663 63.067 44.667 41.518 64.24 44.253 40.234 63.253 46.129
41.268 64.752 43.061 42.049 65.874 42.588 41.228 66.939 41.897 44.933 64.468 41.68
41.54 68.181 42.253 40.83 69.33 41.732 40.167 69.974 42.936 40.804 69.611 40.773
39.592 71.155 42.741 38.924 71.888 43.816 37.833 71.096 44.555 37.979 73.044 42.636
36.826 71.814 45.046 35.7 71.206 45.751 34.528 72.195 45.649 35.376 69.776 47.788
34.706 73.441 46.145 35.903 74.0 46.793 35.808 73.806 48.313 34.659 75.248 46.228
36.909 73.386 48.96 36.888 73.177 50.413 36.688 74.462 51.231 38.54 72.935 49.581
36.592 74.302 52.55 36.418 75.433 53.463 37.389 76.577 53.156 36.706 74.188 56.496
37.068 77.8 53.613 38.005 78.896 53.346 39.21 78.634 54.256 36.255 79.406 53.74
40.402 78.968 53.79 41.598 78.753 54.588 41.575 79.597 55.873 43.358 78.368 52.63
41.079 80.827 55.77 41.057 81.731 56.909 39.678 82.324 57.206 44.448 82.96 55.726
39.553 82.955 58.377 38.3 83.571 58.831 38.521 84.924 59.49 36.357 80.565 60.313
37.867 85.945 58.956 37.962 87.293 59.508 36.867 87.382 60.571 38.002 89.74 58.366
37.181 87.975 61.716 36.171 88.102 62.75 35.423 89.434 62.626 35.616 87.85 67.362
34.134 89.366 62.306 33.332 90.57 62.169 32.827 91.016 63.526 33.157 91.016 61.291
