RKKRKTEEESPLKDKAKKSKG
CCCCCCCCCCCHHHHHHHCCC
47.135 50.875 37.944 46.779 51.829 39.041 45.342 52.203 38.871 47.615 53.057 38.962
44.472 51.337 39.393 43.036 51.522 39.32 42.503 52.758 40.059 41.327 49.192 37.87
42.831 52.865 41.341 42.345 53.967 42.158 42.785 55.326 41.631 41.375 52.15 44.747
41.867 56.286 41.589 42.221 57.627 41.147 42.093 58.626 42.303 39.664 58.547 38.383
43.238 59.131 42.801 43.316 60.13 43.903 42.608 61.425 43.552 45.241 58.881 46.071
42.584 62.357 44.505 41.942 63.667 44.302 42.661 64.515 43.241 42.0 64.351 46.174
41.847 65.419 42.655 42.147 66.459 41.624 42.087 67.785 42.443 40.13 64.727 40.585
41.479 68.777 41.78 41.174 70.179 42.199 40.611 70.275 43.63 39.278 71.775 39.944
40.369 69.112 44.254 39.804 69.035 45.612 38.636 70.02 45.695 40.867 69.371 46.689
37.601 69.751 44.89 36.601 71.006 44.881 35.354 70.991 45.782 35.884 71.83 43.368
35.428 70.347 46.991 34.171 70.462 47.762 34.562 71.894 48.112 35.499 69.292 48.439
35.572 72.271 47.304 36.381 73.478 47.256 37.176 73.122 48.503 35.763 75.804 46.364
37.1 73.974 49.499 37.719 73.654 50.764 37.223 74.804 51.595 39.576 71.095 50.959
36.762 74.483 52.791 36.268 75.518 53.679 37.206 76.73 53.59 35.031 75.096 55.727
36.696 77.923 53.886 37.558 79.099 53.835 38.748 78.831 54.766 36.789 80.341 54.294
39.959 79.066 54.266 41.177 78.86 55.047 41.283 79.901 56.163 42.406 78.953 54.133
40.74 81.091 55.943 40.813 82.13 56.957 39.452 82.762 57.233 44.245 83.29 55.731
39.321 83.354 58.418 38.08 83.992 58.844 38.386 85.33 59.492 36.157 80.967 60.381
37.678 86.358 59.049 37.822 87.696 59.597 36.736 87.786 60.671 37.642 89.391 58.732
37.05 88.365 61.829 36.049 88.489 62.89 35.256 89.786 62.744 36.003 88.387 66.689
34.06 89.683 62.167 33.209 90.843 61.951 32.642 91.416 63.239 33.036 91.201 61.034
