RRRRIEVNVELRKAKKDDQMLKRR
CCCHHHHHHHHHHHHHHHHHHHCC
13.015 36.326 16.193 13.655 36.61 17.468 14.56 35.443 17.85 12.649 38.097 21.444
14.524 34.387 17.041 15.336 33.203 17.287 16.675 33.341 16.573 14.723 28.558 16.914
16.619 33.728 15.303 17.822 33.914 14.498 18.521 35.207 14.908 15.803 32.417 10.544
17.742 36.156 15.417 18.28 37.443 15.838 19.324 37.273 16.932 15.543 39.363 19.118
19.191 36.2 17.704 20.116 35.926 18.795 21.129 34.861 18.391 18.84 35.751 20.824
20.624 33.644 18.21 21.423 32.478 17.852 22.325 32.624 16.626 19.112 30.155 18.6
21.941 33.468 15.675 22.767 33.657 14.488 23.771 34.785 14.689 21.877 33.636 12.765
23.368 35.826 15.416 24.258 36.952 15.689 25.321 36.553 16.703 22.936 38.997 15.169
25.137 35.385 17.311 26.083 34.863 18.291 27.192 34.105 17.569 25.44 33.924 19.879
26.805 33.232 16.643 27.769 32.46 15.869 28.799 33.42 15.292 25.55 30.651 14.132
28.301 34.436 14.598 29.142 35.447 13.971 30.055 36.159 14.967 27.54 36.098 12.041
29.672 36.157 16.241 30.486 36.794 17.268 31.568 35.84 17.746 28.567 38.545 20.474
31.182 34.598 18.021 32.147 33.61 18.467 33.274 33.562 17.451 30.358 30.77 20.309
32.923 33.743 16.181 33.909 33.717 15.107 34.896 34.871 15.249 33.212 33.783 13.756
34.445 35.968 15.851 35.302 37.132 16.053 36.492 36.724 16.907 32.277 39.319 16.597
36.214 36.125 18.063 37.275 35.678 18.956 38.157 34.64 18.279 35.679 34.963 22.122
37.524 33.656 17.647 38.244 32.585 16.967 39.336 33.107 16.041 36.236 31.134 16.974
38.941 33.931 15.073 39.886 34.498 14.114 40.866 35.429 14.827 39.953 35.585 11.883
40.448 35.951 15.977 41.294 36.841 16.761 42.394 36.037 17.451 40.503 38.784 19.392
41.994 34.995 18.175 42.943 34.139 18.879 43.847 33.412 17.887 42.482 33.63 21.317
43.294 33.07 16.727 44.049 32.369 15.694 45.152 33.215 15.072 42.6 30.517 14.555
44.803 34.409 14.606 45.797 35.275 13.986 46.722 35.855 15.053 45.469 37.694 11.039
46.66 35.269 16.246 47.492 35.674 17.375 48.261 34.456 17.88 46.94 37.572 21.598
47.615 33.295 17.82 48.227 32.046 18.25 49.3 31.604 17.257 44.516 30.023 20.262
