TTYADFIASGRTGRRNAIHD
CCHHHHHHCCCCCCCCCCCC
35.045 47.452 38.546 33.841 46.649 38.735 33.903 45.432 37.817 32.528 47.965 38.198
33.168 44.374 38.132 33.137 43.213 37.253 32.605 43.59 35.881 32.497 41.593 38.062
31.568 44.424 35.856 31.022 44.926 34.595 32.097 45.617 33.763 29.02 47.286 32.47
32.853 46.522 34.37 33.875 47.249 33.627 34.928 46.303 33.059 34.526 48.324 34.478
35.281 45.281 33.825 36.269 44.303 33.393 35.722 43.478 32.236 37.442 44.117 35.559
34.438 43.133 32.304 33.849 42.415 31.166 33.848 43.283 29.916 31.269 40.88 29.559
33.412 44.53 30.054 33.264 45.406 28.888 34.589 45.721 28.217 31.608 46.668 28.884
35.65 45.739 29.016 36.991 45.972 28.505 37.648 44.696 27.987 37.846 46.579 29.609
36.974 43.563 28.125 37.509 42.289 27.665 37.301 42.091 26.17 36.252 40.926 28.149
37.909 41.031 25.647 37.785 40.735 24.228 36.644 39.817 23.865 38.424 41.126 23.565
35.769 39.476 24.803 34.697 38.525 24.519 33.315 39.069 24.838 35.655 34.698 24.474
33.082 40.324 24.451 31.774 40.935 24.632 30.904 40.837 23.383 32.329 42.727 25.107
31.492 40.432 22.268 30.751 40.251 21.036 30.253 38.83 20.893 30.605 40.994 20.383
29.646 38.546 19.745 29.088 37.21 19.528 30.182 36.157 19.588 26.708 36.781 16.5
29.92 35.082 20.321 30.899 34.048 20.603 30.726 32.833 19.694 29.367 34.657 24.434
31.843 32.396 19.133 32.018 31.208 18.332 31.933 29.948 19.187 33.395 31.183 17.657
31.454 28.881 18.558 31.568 27.561 19.17 33.024 27.095 19.115 30.682 26.55 18.463
33.349 26.211 20.044 34.581 25.448 20.077 34.318 23.977 19.76 35.083 25.365 22.166
35.297 23.33 19.137 35.144 21.9 18.865 36.526 21.279 18.698 35.327 22.907 15.952
36.584 19.955 18.657 37.781 19.23 18.255 38.854 19.254 19.333 39.688 20.135 16.942
