TYLQSSEGKFIPATKRPDGTWRKARRVKDGYVP
CCCCCCCCCEECCCCCCCCCCEECEECCCCCCC
86.693 57.297 -2.64 88.012 57.226 -3.329 89.157 57.077 -2.329 88.368 58.515 -4.732
90.048 56.128 -2.598 91.21 55.904 -1.749 92.454 56.173 -2.58 89.446 53.794 0.897
93.342 57.011 -2.064 94.581 57.323 -2.758 95.735 56.757 -1.954 93.984 59.543 -3.942
96.413 55.775 -2.533 97.531 55.129 -1.859 98.789 55.987 -1.878 97.816 53.777 -2.499
99.385 56.171 -0.705 100.619 56.93 -0.594 101.691 55.863 -0.427 100.701 57.457 1.232
102.913 56.279 -0.123 103.982 55.313 0.055 103.851 54.603 1.399 105.428 56.472 0.487
102.981 55.093 2.273 102.832 54.463 3.581 101.514 53.725 3.775 104.955 55.289 4.639
100.695 53.69 2.729 99.414 53.02 2.82 98.352 53.839 2.115 99.285 52.145 3.288
97.095 53.419 2.215 96.023 54.152 1.561 95.394 55.148 2.521 93.189 51.578 1.801
94.809 56.198 1.963 94.181 57.225 2.774 93.014 57.873 2.046 96.003 59.663 1.214
92.131 58.487 2.823 90.976 59.194 2.285 91.515 60.574 1.928 89.138 58.836 3.751
91.478 60.939 0.639 91.995 62.252 0.248 91.222 63.438 0.811 91.2 61.255 -1.108
91.916 64.56 0.96 91.301 65.775 1.462 90.266 66.227 0.439 92.358 66.859 1.658
89.24 66.928 0.906 88.191 67.419 0.022 87.887 68.869 0.362 86.837 66.105 0.452
87.4 69.612 -0.624 87.081 71.018 -0.43 85.634 71.181 0.016 87.42 74.099 -2.708
85.424 72.008 1.037 84.077 72.258 1.537 83.454 73.37 0.693 85.462 71.702 5.694
82.118 73.458 0.679 81.463 74.503 -0.107 82.024 75.896 0.177 80.333 73.26 0.683
82.449 76.131 1.416 82.979 77.434 1.803 84.439 77.656 1.407 83.795 76.928 4.078
85.011 76.717 0.661 86.387 76.867 0.219 87.476 76.237 1.07 86.574 77.374 -0.622
87.192 75.976 2.342 88.183 75.36 3.222 88.352 73.884 2.88 87.321 75.757 4.911
89.416 73.272 3.387 89.67 71.866 3.099 89.555 70.922 4.292 91.014 71.865 -0.518
88.952 69.761 4.053 88.812 68.732 5.077 90.116 67.945 4.993 84.703 68.286 3.691
90.716 67.636 6.138 91.985 66.911 6.154 91.915 65.482 5.621 92.084 65.859 9.833
93.056 64.997 5.136 93.158 63.637 4.621 93.224 62.709 5.835 94.417 63.486 3.775
92.767 61.472 5.672 92.773 60.515 6.772 93.327 59.15 6.381 89.501 62.26 9.055
94.356 58.704 7.092 94.94 57.4 6.812 93.952 56.309 7.202 96.248 57.231 7.587
93.975 55.207 6.459 93.1 54.072 6.719 93.979 52.866 7.037 91.625 53.768 5.478
93.564 52.06 8.007 94.342 50.889 8.406 94.596 49.932 7.245 94.168 48.325 11.25
95.817 49.409 7.169 96.176 48.489 6.098 95.238 47.284 6.054 98.577 49.073 6.292
94.643 47.056 4.887 93.748 45.929 4.704 92.333 46.123 5.22 94.077 45.094 4.262
91.953 47.362 5.521 90.615 47.63 6.032 89.651 48.221 5.018 88.021 49.245 8.226
88.419 47.733 5.073 87.331 48.182 4.216 86.034 47.757 4.899 87.346 47.809 2.297
85.154 48.721 5.208 83.878 48.425 5.867 83.044 47.372 5.139 84.29 50.229 5.668
