MAAGVAAWLPFARAAAIGWM
CCHHHHHHHHHHHHHHHCCC
-5.767 21.425 39.671 -4.704 22.03 38.893 -3.346 21.621 39.484 -4.492 24.843 37.752
-3.26 21.551 40.81 -2.005 21.149 41.446 -1.644 19.699 41.086 -2.097 21.31 42.957
-2.659 18.838 40.987 -2.45 17.432 40.631 -1.89 17.323 39.212 -3.766 16.658 40.737
-2.426 18.131 38.304 -1.941 18.128 36.935 -0.47 18.507 36.88 -2.526 17.902 36.156
-0.086 19.504 37.673 1.298 19.965 37.739 2.195 18.94 38.426 1.732 21.783 38.383
1.711 18.389 39.536 2.468 17.434 40.339 2.971 16.218 39.566 1.63 16.984 41.522
2.23 15.836 38.534 2.564 14.699 37.691 3.913 14.877 36.989 1.467 14.508 36.67
4.359 16.121 36.873 5.631 16.396 36.236 6.795 16.395 37.221 4.522 17.415 32.732
6.611 15.776 38.383 7.668 15.74 39.387 8.929 14.999 38.89 7.66 15.428 42.006
8.762 13.871 38.167 9.932 13.137 37.662 10.743 14.025 36.719 8.316 12.212 37.602
10.054 14.716 35.809 10.711 15.631 34.872 11.45 16.716 35.655 10.613 18.136 32.523
10.782 17.294 36.651 11.388 18.35 37.457 12.674 17.863 38.116 10.405 18.821 38.529
12.605 16.684 38.72 13.762 16.113 39.392 14.891 15.867 38.402 14.463 11.993 41.492
14.54 15.401 37.21 15.532 15.126 36.179 16.153 16.419 35.662 14.897 14.348 35.027
15.339 17.461 35.525 15.835 18.746 35.041 16.859 19.325 36.011 14.666 19.729 34.849
16.612 19.149 37.306 17.51 19.662 38.344 18.812 18.874 38.42 16.81 19.633 39.693
18.706 17.559 38.255 19.865 16.676 38.296 20.725 16.865 37.048 19.5 14.977 39.347
20.127 17.438 36.006 20.846 17.676 34.767 21.835 18.827 34.851 20.68 17.116 33.955
21.753 19.623 35.915 22.665 20.753 36.088 23.669 20.545 37.211 21.503 23.61 33.807
23.534 19.43 37.921 24.441 19.105 39.013 25.608 18.264 38.507 23.226 19.988 40.585
