PLLQAAKGLAGAVSELLRSAQPASA
CHHHHHHHHHHHHHHHHHHHCCCCC
87.595 47.528 27.543 87.484 47.117 26.153 88.413 45.956 25.798 87.723 48.96 26.515
88.004 45.194 24.789 88.692 44.005 24.352 90.165 44.189 24.039 88.171 41.928 22.845
90.459 45.209 23.235 91.833 45.47 22.81 92.786 45.706 23.987 91.808 46.43 20.371
92.311 46.456 24.972 93.117 46.755 26.154 93.305 45.498 27.014 94.258 48.684 27.41
92.244 44.698 27.092 92.278 43.424 27.811 93.285 42.453 27.202 90.865 42.769 27.946
93.438 42.473 25.866 94.411 41.604 25.16 95.825 42.131 25.339 94.078 41.48 23.652
95.945 43.446 25.457 97.242 44.078 25.725 97.743 43.708 27.095 97.092 47.458 23.965
96.795 43.611 28.045 97.112 43.226 29.422 97.51 41.741 29.461 97.065 43.86 30.194
96.844 40.902 28.686 97.212 39.505 28.714 98.591 39.326 28.045 96.26 37.228 28.18
98.794 39.974 26.909 100.074 39.92 26.237 101.137 40.44 27.2 100.025 40.772 24.929
100.851 41.532 27.894 101.803 42.034 28.893 102.139 41.011 29.977 102.177 42.96 28.841
101.133 40.369 30.545 101.357 39.388 31.644 102.166 38.2 31.173 100.027 38.933 32.302
101.868 37.717 29.972 102.642 36.625 29.391 104.105 37.037 29.108 101.857 35.502 28.043
104.335 38.243 28.595 105.702 38.716 28.418 106.45 38.76 29.732 105.408 40.039 27.161
105.833 39.309 30.781 106.49 39.381 32.089 106.8 37.984 32.594 106.212 41.91 33.006
105.867 37.049 32.391 106.061 35.656 32.825 107.297 35.027 32.13 104.655 33.43 32.911
107.368 35.186 30.811 108.469 34.607 30.06 109.806 35.207 30.484 107.465 33.902 27.759
109.781 36.502 30.77 110.969 37.213 31.231 111.384 36.693 32.627 111.096 39.417 33.573
110.416 36.443 33.495 110.73 35.933 34.828 111.249 34.495 34.799 109.218 36.602 35.768
110.909 33.759 33.751 111.277 32.354 33.637 112.769 32.216 33.325 110.421 31.658 32.585
113.397 33.306 32.892 114.825 33.312 32.622 115.586 33.117 33.939 114.989 35.851 30.476
116.614 32.259 33.919 117.425 31.95 35.11 118.006 33.168 35.829 118.168 31.483 33.445
118.186 33.011 37.141 118.688 34.083 37.995 120.14 33.843 38.367 117.854 34.149 39.257
121.095 34.392 37.606 120.846 35.301 36.483 121.411 34.802 35.137 121.474 37.092 36.209
120.721 35.175 34.054 121.054 34.781 32.679 119.83 34.996 31.775 121.512 33.303 32.611
