TLYEALKENEKLHKEIEQKDNEIARLKKENKELAEVA
CHHHHHHHHHHHHHHHHHHHHHHHHHHHHHHHHHHHC
29.744 17.103 2.577 29.703 16.697 1.148 28.41 15.943 0.909 31.295 15.565 1.177
28.085 15.694 -0.359 26.92 14.899 -0.695 27.008 13.494 -0.147 25.548 15.374 -2.829
28.192 12.893 -0.24 28.423 11.564 0.309 27.969 11.528 1.767 30.536 8.603 1.364
28.436 12.494 2.549 28.142 12.539 3.971 26.677 12.864 4.204 30.874 14.284 4.846
26.146 13.789 3.427 24.767 14.21 3.653 23.787 13.073 3.361 24.413 15.432 2.813
24.079 12.304 2.316 23.194 11.202 1.976 23.272 10.062 2.993 22.979 11.426 -0.657
24.453 9.831 3.566 24.577 8.815 4.622 23.81 9.269 5.86 26.889 6.448 3.781
23.861 10.568 6.165 23.142 11.091 7.33 21.641 10.969 7.082 23.274 13.093 9.534
21.197 11.278 5.861 19.783 11.192 5.509 19.212 9.813 5.802 18.209 11.693 3.648
19.953 8.765 5.456 19.481 7.415 5.721 19.376 7.139 7.233 18.92 5.133 4.696
20.376 7.577 7.991 20.399 7.376 9.438 19.193 8.064 10.068 23.298 8.347 11.363
18.896 9.29 9.628 17.773 10.042 10.196 16.423 9.383 9.878 18.809 12.478 10.255
16.237 8.893 8.657 14.994 8.192 8.329 14.804 6.987 9.229 14.317 9.404 5.509
15.883 6.257 9.497 15.772 5.079 10.36 15.378 5.456 11.781 16.311 2.467 9.204
15.933 6.571 12.274 15.608 7.029 13.619 14.111 7.382 13.664 18.315 8.847 14.527
13.602 8.025 12.61 12.197 8.412 12.555 11.265 7.205 12.46 11.953 10.333 11.227
11.678 6.178 11.743 10.902 4.948 11.678 10.7 4.344 13.072 11.622 2.065 10.086
11.78 4.297 13.85 11.736 3.753 15.195 10.785 4.584 16.047 12.889 3.992 17.774
10.907 5.907 15.959 10.061 6.797 16.752 8.595 6.675 16.354 12.671 9.153 17.312
8.307 6.593 15.055 6.926 6.45 14.603 6.308 5.182 15.176 7.068 7.64 12.41
7.071 4.095 15.185 6.563 2.83 15.712 6.302 2.914 17.22 7.62 1.36 13.997
7.2 3.595 17.926 7.036 3.818 19.366 5.822 4.678 19.69 9.273 4.859 21.626
5.638 5.753 18.936 4.467 6.621 19.091 3.177 5.85 18.861 4.91 8.742 18.103
3.127 5.018 17.829 1.915 4.248 17.556 1.61 3.293 18.713 2.061 3.512 16.228
2.64 2.639 19.263 2.404 1.742 20.4 1.897 2.493 21.633 6.024 -0.118 19.896
2.489 3.645 21.901 2.067 4.453 23.051 0.64 4.929 22.903 4.168 5.695 24.099
0.264 5.399 21.723 -1.094 5.868 21.503 -2.073 4.702 21.715 -0.732 8.415 18.633
-1.706 3.511 21.252 -2.603 2.361 21.375 -2.816 1.991 22.84 -2.766 -1.105 20.177
-1.714 1.949 23.572 -1.725 1.521 24.97 -2.454 2.555 25.821 0.884 0.428 26.719
-2.186 3.838 25.566 -2.796 4.899 26.349 -4.294 4.988 26.12 -0.808 6.437 26.586
-4.735 4.719 24.901 -6.157 4.694 24.59 -6.868 3.614 25.412 -8.289 4.748 21.692
-6.248 2.443 25.552 -6.844 1.373 26.342 -6.823 1.727 27.834 -5.724 -1.269 24.636
-5.723 2.311 28.304 -5.616 2.633 29.731 -6.618 3.716 30.158 -3.082 2.154 30.298
-6.88 4.675 29.29 -7.773 5.791 29.601 -9.225 5.344 29.778 -7.678 6.832 28.522
-9.609 4.234 29.142 -10.985 3.723 29.219 -11.301 2.956 30.499 -12.042 4.172 26.823
-10.283 2.608 31.268 -10.48 1.739 32.426 -11.389 2.403 33.457 -8.931 0.781 33.119
-10.905 3.485 34.05 -11.653 4.205 35.092 -12.296 3.269 36.13 -13.05 4.299 35.544
