TTCASLTNKLSQHDLADFKKYIKRKFTLMTLLSINN
CCHHHHHHHCCCCCHHHHHHHHHHHHHHHHHHHCCC
25.24 1.76 -17.067 24.99 2.38 -15.724 24.077 3.594 -15.887 26.81 2.618 -15.122
23.31 3.919 -14.849 22.441 5.086 -14.916 23.238 6.316 -14.507 21.136 4.552 -13.622
22.638 7.475 -14.703 23.278 8.712 -14.335 23.501 8.672 -12.812 22.706 10.676 -14.542
22.472 8.258 -12.08 22.524 8.161 -10.618 23.648 7.283 -10.115 21.226 7.65 -10.095
23.65 6.036 -10.571 24.654 5.065 -10.179 26.05 5.525 -10.46 23.752 3.528 -10.785
26.248 6.115 -11.617 27.581 6.553 -11.928 27.959 7.723 -11.021 28.992 6.783 -14.045
26.995 8.555 -10.645 27.303 9.671 -9.759 27.714 9.101 -8.409 26.09 11.143 -9.554
26.884 8.224 -7.854 27.165 7.607 -6.565 28.54 6.973 -6.613 26.355 5.872 -4.984
28.758 6.153 -7.636 30.014 5.447 -7.85 31.234 6.365 -7.874 31.076 2.68 -10.297
31.138 7.46 -8.606 32.234 8.395 -8.685 32.433 9.043 -7.311 32.077 9.141 -11.163
31.324 9.359 -6.651 31.358 9.984 -5.346 32.013 9.079 -4.307 29.75 10.946 -5.31
31.696 7.791 -4.33 32.288 6.856 -3.389 33.795 6.794 -3.589 30.186 5.409 -2.188
34.243 6.907 -4.832 35.663 6.839 -5.122 36.356 8.061 -4.583 38.059 6.534 -7.143
35.716 9.207 -4.713 36.293 10.426 -4.193 36.458 10.365 -2.668 35.576 12.015 -5.902
35.452 9.846 -1.984 35.486 9.709 -0.535 36.629 8.789 -0.116 33.722 9.253 1.317
36.639 7.578 -0.654 37.661 6.588 -0.377 39.026 7.188 -0.534 37.514 5.411 -1.31
39.216 7.978 -1.581 40.511 8.612 -1.799 40.867 9.632 -0.732 40.814 8.364 -4.244
39.871 10.373 -0.246 40.078 11.387 0.791 40.479 10.674 2.081 39.072 13.843 2.906
39.723 9.642 2.432 40.022 8.866 3.611 41.437 8.299 3.553 36.625 7.548 4.534
41.856 7.782 2.391 43.222 7.259 2.25 44.223 8.379 2.436 42.719 4.99 -0.61
43.91 9.541 1.889 44.777 10.705 1.999 45.07 11.063 3.471 45.57 14.357 1.687
44.019 11.101 4.277 44.155 11.405 5.693 45.02 10.322 6.4 42.665 12.522 6.564
44.747 9.043 6.124 45.49 7.932 6.728 46.951 7.954 6.413 44.036 4.635 7.106
47.271 8.316 5.184 48.654 8.345 4.773 49.357 9.556 5.316 47.979 6.037 0.826
48.652 10.674 5.43 49.262 11.874 5.996 49.519 11.648 7.508 48.624 15.569 5.766
48.538 11.079 8.197 48.696 10.768 9.609 49.894 9.825 9.77 47.868 9.056 12.352
49.897 8.726 9.014 50.989 7.756 9.033 52.346 8.438 8.868 50.861 6.151 7.953
52.436 9.352 7.91 53.67 10.07 7.624 54.14 10.928 8.79 54.501 11.721 5.687
53.225 11.648 9.425 53.608 12.482 10.557 54.03 11.586 11.727 52.849 14.609 9.541
53.385 10.432 11.874 53.718 9.482 12.937 55.111 8.887 12.769 52.418 8.184 13.467
55.454 8.454 11.556 56.781 7.875 11.307 57.867 8.901 11.503 56.402 6.002 9.471
57.565 10.15 11.196 58.525 11.234 11.366 58.746 11.495 12.868 58.764 13.728 10.516
57.679 11.386 13.663 57.742 11.598 15.11 58.469 10.49 15.885 56.034 12.346 15.426
58.149 9.235 15.571 58.729 8.069 16.244 60.094 7.575 15.77 57.18 6.376 15.534
60.612 8.117 14.675 61.884 7.629 14.168 63.045 8.49 14.559 61.188 6.051 12.359
64.121 7.798 14.911 65.368 8.366 15.406 66.231 9.092 14.371 65.381 6.52 17.095
