SRKLLSAAKILADATAKMVEAAKG
CHHHHHHHHHHHHHHHHHHHHHCC
19.346 24.708 26.086 18.318 25.791 25.999 18.005 26.218 24.54 18.713 27.002 26.888
18.45 27.412 24.125 17.833 28.078 22.973 18.759 28.386 21.762 14.943 28.92 22.149
19.921 28.993 22.014 20.789 29.575 20.97 21.211 28.584 19.886 23.813 31.808 21.173
21.476 27.347 20.3 21.742 26.209 19.41 20.517 25.818 18.537 22.989 23.874 19.759
19.353 25.67 19.169 18.137 25.342 18.454 17.708 26.412 17.435 16.839 23.715 20.033
17.994 27.68 17.68 17.684 28.674 16.615 18.729 28.667 15.464 17.716 30.243 17.738
20.001 28.446 15.804 21.032 28.337 14.807 20.757 27.184 13.866 22.353 28.178 15.444
20.311 26.056 14.424 19.923 24.897 13.634 18.741 25.192 12.732 19.625 23.699 14.514
17.812 26.019 13.214 16.588 26.309 12.488 16.922 27.17 11.296 13.404 27.532 12.618
17.554 28.305 11.591 18.123 29.187 10.578 18.911 28.394 9.515 18.368 31.018 11.228
19.689 27.411 9.925 20.369 26.605 8.915 19.363 25.802 8.124 22.326 24.852 8.693
18.405 25.179 8.785 17.419 24.39 8.066 16.56 25.263 7.124 16.564 23.611 9.037
16.202 26.474 7.566 15.456 27.425 6.725 16.236 27.61 5.45 14.38 28.878 8.486
17.491 28.016 5.625 18.371 28.385 4.544 18.564 27.236 3.566 19.707 28.877 5.121
18.774 26.016 4.077 18.986 24.864 3.184 17.755 24.699 2.344 19.801 23.225 3.965
16.57 24.847 2.957 15.248 24.727 2.269 15.002 25.868 1.251 14.102 24.661 3.313
15.333 27.092 1.626 15.256 28.153 0.657 16.234 27.875 -0.482 13.895 30.891 1.376
17.423 27.339 -0.188 18.329 26.96 -1.28 17.77 25.875 -2.171 20.623 25.071 -1.272
17.091 24.874 -1.61 16.563 23.787 -2.468 15.228 24.159 -3.137 16.258 22.068 -1.482
14.506 25.157 -2.591 13.443 25.865 -3.338 14.086 26.434 -4.595 10.906 26.769 -2.711
15.051 27.336 -4.424 15.676 28.004 -5.541 15.976 27.011 -6.684 16.923 28.756 -5.089
16.466 25.801 -6.354 16.899 24.758 -7.324 15.759 24.159 -8.16 17.646 23.618 -6.579
14.622 24.832 -8.041 13.254 24.35 -8.303 12.592 23.571 -7.171 12.732 26.248 -10.385
12.521 22.234 -7.213 11.861 21.483 -6.107 11.848 22.097 -4.696 11.441 20.597 -6.305
