MTFEMLYSKIHRATITDANLNYIG
CCHHHHHHHHHHHCCCCCCCCCCC
5.506 76.486 35.74 5.691 76.276 34.274 4.425 75.662 33.69 8.208 74.87 33.024
3.966 76.186 32.556 2.764 75.649 31.927 2.969 75.324 30.452 1.561 77.113 32.345
2.116 74.442 29.941 2.162 74.022 28.547 0.759 74.075 27.957 4.773 72.085 29.645
0.661 74.425 26.679 -0.639 74.442 26.024 -0.983 72.992 25.719 -0.777 77.021 23.904
-2.137 72.554 26.209 -2.597 71.185 26.021 -3.958 71.158 25.349 -1.343 69.505 27.643
-4.19 70.135 24.532 -5.469 69.986 23.855 -6.503 69.754 24.951 -6.692 68.85 22.18
-7.415 70.708 25.096 -8.459 70.647 26.113 -9.685 69.913 25.585 -10.934 72.261 28.521
-10.127 70.289 24.391 -11.281 69.653 23.775 -11.25 69.911 22.28 -12.656 70.898 24.184
-12.04 69.148 21.541 -12.107 69.328 20.102 -13.375 68.738 19.522 -10.083 66.893 18.397
-13.778 69.289 18.386 -14.932 68.809 17.649 -14.28 68.368 16.353 -16.759 70.336 17.795
-14.282 67.062 16.128 -13.642 66.482 14.963 -14.537 66.299 13.751 -11.54 64.352 13.906
-14.082 66.857 12.634 -14.767 66.767 11.356 -16.213 67.252 11.318 -13.462 64.02 8.823
-16.425 68.467 11.812 -17.736 69.098 11.797 -17.876 69.709 10.407 -17.807 70.182 12.859
-19.096 70.065 10.021 -19.337 70.652 8.708 -19.764 72.114 8.798 -20.395 69.66 7.4
-19.13 72.967 7.996 -19.486 74.381 7.975 -20.836 74.468 7.265 -17.856 75.645 7.858
-21.836 75.025 7.94 -23.169 75.125 7.351 -23.495 76.501 6.792 -24.173 74.58 8.909
-22.725 77.508 7.188 -22.971 78.859 6.705 -21.722 79.715 6.875 -24.68 80.651 6.853
-21.689 80.843 6.173 -20.565 81.769 6.247 -21.126 83.173 6.105 -19.57 81.481 5.136
-20.6 84.104 6.891 -21.091 85.474 6.85 -19.941 86.472 6.929 -22.755 86.954 7.904
-19.387 86.805 5.768 -18.278 87.74 5.68 -18.55 89.078 6.36 -16.734 88.665 3.756
-19.742 89.623 6.163 -20.041 90.918 6.749 -20.87 90.887 8.02 -19.755 92.099 4.602
-20.645 89.839 8.803 -21.301 89.636 10.086 -21.091 90.891 10.928 -21.708 87.71 13.382
-22.137 91.337 11.617 -22.029 92.526 12.455 -22.123 92.174 13.933 -23.31 94.316 11.512
-21.161 92.664 14.708 -21.14 92.401 16.135 -20.842 90.951 16.46 -21.309 93.123 16.806
