MKRVMFHAKIHRATVTQADLHYVG
CCEEEEEEEEEEEEECHHHEECCC
62.281 -8.264 17.972 62.515 -7.758 16.588 61.913 -6.479 16.405 61.316 -8.695 13.796
62.579 -5.619 15.64 62.064 -4.289 15.331 61.59 -4.389 13.994 63.114 -3.293 15.738
60.529 -3.649 13.679 59.954 -3.667 12.336 60.098 -2.426 11.648 56.813 -6.797 12.734
60.236 -2.504 10.327 60.355 -1.319 9.478 59.053 -1.115 8.923 61.864 -1.25 8.26
58.421 0.003 9.285 57.062 0.315 8.842 56.907 1.575 8.187 55.41 -1.171 10.616
55.936 1.641 7.284 55.59 2.877 6.583 54.869 3.67 7.54 52.808 4.049 4.874
55.298 4.917 7.759 54.623 5.775 8.734 54.021 6.972 8.225 56.915 7.841 9.627
54.416 7.416 7.029 53.84 8.634 6.452 54.161 8.746 5.068 54.175 9.752 7.397
53.323 9.479 4.334 53.56 9.725 2.915 52.781 10.798 2.381 51.419 7.184 0.973
53.297 11.397 1.312 52.611 12.464 0.591 52.314 11.826 -0.653 53.794 14.514 0.867
51.025 11.65 -0.924 50.545 10.925 -2.101 50.135 11.701 -3.241 48.903 8.38 -3.045
50.698 11.373 -4.401 50.388 12.045 -5.664 50.651 13.454 -5.705 47.582 10.322 -8.025
51.882 13.821 -5.358 52.331 15.21 -5.384 52.831 15.451 -6.695 53.204 15.422 -4.179
52.934 16.726 -7.058 53.456 17.115 -8.364 54.716 17.786 -8.224 52.254 17.963 -9.635
55.714 17.349 -8.985 57.032 17.976 -8.928 56.972 19.269 -9.541 58.574 16.895 -9.405
57.405 20.294 -8.81 57.357 21.668 -9.314 58.567 22.212 -9.857 56.719 22.5 -7.684
59.717 21.636 -9.508 61.005 22.133 -10.003 62.041 21.157 -9.852 61.794 24.216 -7.493
63.165 21.362 -10.54 64.291 20.435 -10.465 65.498 21.174 -10.63 63.954 19.265 -11.349
66.548 20.734 -9.937 67.854 21.385 -10.004 68.903 20.429 -9.814 69.137 23.277 -9.051
69.355 19.837 -10.913 70.42 18.836 -10.884 71.644 19.299 -10.307 71.538 17.208 -12.652
71.961 20.576 -10.494 73.218 21.11 -9.97 73.13 21.92 -8.797 74.518 20.398 -12.706
72.135 21.607 -7.975 71.871 22.272 -6.701 73.024 22.175 -5.856 69.855 22.471 -3.4
73.259 23.205 -5.046 74.389 23.218 -4.12 73.921 23.452 -2.796 75.981 24.237 -4.585
73.987 22.426 -1.953 73.531 22.575 -0.583 73.597 21.289 0.216 73.211 23.455 -0.233
