DTASDAAAAAALTAANAKAAAELTAANAAAAAAATAR
CHHHHHHHHHHHHHHHHHHHHHHHHHHHHHHHHHHHC
-6.32 17.967 15.284 -6.777 19.337 15.137 -6.297 19.867 13.799 -6.486 21.617 16.091
-7.182 20.476 13.008 -6.86 20.903 11.636 -5.682 21.881 11.57 -8.345 21.311 10.453
-5.73 22.991 12.328 -4.659 23.988 12.282 -3.345 23.377 12.746 -5.003 25.171 13.173
-3.359 22.517 13.768 -2.135 21.866 14.261 -1.551 20.912 13.232 -2.661 21.546 16.029
-2.408 20.125 12.604 -1.968 19.186 11.612 -1.531 19.922 10.362 -3.256 17.21 12.345
-2.137 21.049 9.996 -1.669 21.785 8.824 -0.29 22.4 9.08 -2.651 22.895 8.483
-0.038 22.87 10.293 1.279 23.386 10.658 2.342 22.259 10.66 1.177 24.014 12.059
1.986 21.08 11.224 2.885 19.921 11.227 3.163 19.488 9.791 2.241 18.739 11.98
2.165 19.481 8.908 2.353 19.071 7.529 3.271 20.041 6.779 0.973 18.984 6.847
3.095 21.342 7.003 3.952 22.374 6.431 5.383 22.181 6.926 3.484 23.755 6.861
5.607 21.898 8.229 6.975 21.715 8.714 7.631 20.439 8.166 6.953 21.669 10.234
6.908 19.325 8.077 7.42 18.1 7.47 7.738 18.309 5.984 6.164 16.251 8.831
6.856 18.967 5.214 7.098 19.267 3.78 8.38 20.09 3.603 5.579 19.911 2.763
8.533 21.151 4.4 9.692 22.013 4.343 10.924 21.227 4.73 9.567 23.184 5.313
10.898 20.469 5.83 12.082 19.734 6.238 12.531 18.704 5.189 11.808 18.998 7.543
11.576 17.955 4.642 11.944 16.945 3.667 12.401 17.563 2.367 10.584 15.084 4.563
11.788 18.666 1.932 12.202 19.314 0.687 13.63 19.876 0.812 11.245 20.442 0.331
13.926 20.532 1.95 15.22 21.125 2.195 16.239 20.01 2.278 16.547 23.904 4.373
15.929 18.947 3.032 16.897 17.853 3.159 17.142 17.203 1.809 16.399 16.781 4.117
16.096 17.017 0.995 16.276 16.41 -0.303 17.254 17.249 -1.118 14.948 16.349 -1.059
17.171 18.574 -1.109 18.114 19.371 -1.898 19.522 19.248 -1.326 17.723 20.84 -1.899
19.649 19.318 0.001 20.98 19.283 0.614 21.666 17.953 0.364 20.06 20.812 3.401
20.953 16.83 0.488 21.605 15.533 0.337 21.841 15.307 -1.14 20.557 14.181 2.354
20.938 15.769 -2.027 21.196 15.62 -3.491 22.506 16.316 -3.886 19.728 15.901 -4.712
22.666 17.564 -3.406 23.882 18.316 -3.691 25.115 17.677 -3.022 23.702 19.736 -3.188
25.04 17.248 -1.772 26.209 16.653 -1.13 26.629 15.34 -1.795 25.913 16.353 0.322
25.618 14.516 -2.137 25.861 13.231 -2.796 26.444 13.362 -4.19 24.159 11.914 -1.631
25.933 14.31 -4.974 26.447 14.581 -6.31 27.903 15.048 -6.17 25.636 15.687 -6.957
28.208 15.948 -5.234 29.587 16.449 -5.072 30.536 15.323 -4.676 29.652 17.513 -3.978
30.13 14.516 -3.681 30.987 13.436 -3.197 31.168 12.369 -4.26 30.381 12.755 -1.972
30.115 12.029 -5.01 30.234 11.001 -6.028 31.107 11.434 -7.195 28.867 10.646 -6.571
30.959 12.664 -7.66 31.789 13.206 -8.742 33.267 13.215 -8.304 31.338 14.639 -9.047
33.526 13.656 -7.067 34.872 13.712 -6.518 35.477 12.315 -6.416 34.861 14.336 -5.114
34.718 11.311 -5.912 35.24 9.944 -5.784 35.516 9.356 -7.176 34.212 9.064 -5.063
34.546 9.54 -8.099 34.698 9.054 -9.456 35.911 9.659 -10.172 33.11 8.993 -10.539
36.234 10.931 -9.909 37.372 11.582 -10.567 38.716 10.921 -10.247 37.423 13.039 -10.136
38.807 10.127 -9.166 40.059 9.424 -8.853 40.233 8.145 -9.668 40.051 12.258 -6.486
