SLSCRKEQGKFYDHLLRDCISCASICGQHPKQCAYFCE
CCCCCHHHCCHHHHHHHHHHHHHHHHCCCHHHHHHHCC
44.305 -16.17 29.321 42.853 -16.135 28.969 41.986 -15.881 30.208 41.767 -17.432 28.092
40.781 -15.36 29.988 39.89 -14.933 31.073 39.014 -16.087 31.568 37.582 -13.676 30.317
38.76 -16.105 32.872 37.932 -17.138 33.485 36.801 -16.51 34.283 38.364 -18.487 34.747
35.603 -17.047 34.099 34.419 -16.545 34.77 33.52 -17.731 35.169 33.189 -14.954 34.278
33.901 -18.409 36.253 33.216 -19.613 36.735 32.394 -19.284 37.965 33.569 -23.104 35.472
31.124 -19.68 37.962 30.23 -19.424 39.095 30.706 -20.068 40.398 27.4 -21.88 38.226
31.457 -21.157 40.287 31.996 -21.853 41.452 33.079 -21.042 42.165 31.601 -24.135 39.563
33.607 -20.019 41.492 34.621 -19.135 42.067 34.097 -17.711 42.224 37.295 -20.4 40.483
32.772 -17.579 42.255 32.107 -16.326 42.569 32.023 -15.31 41.444 31.737 -16.175 43.486
31.994 -15.772 40.196 31.895 -14.892 39.036 31.0 -15.513 37.978 35.476 -13.79 39.23
30.276 -14.688 37.232 29.531 -15.204 36.081 29.532 -14.228 34.918 26.649 -13.583 36.953
29.445 -14.76 33.704 29.28 -13.932 32.53 27.793 -13.602 32.399 29.696 -12.761 29.043
27.49 -12.323 32.531 26.13 -11.81 32.451 25.809 -11.523 30.999 24.665 -10.102 33.472
24.899 -12.3 30.414 24.559 -12.149 29.007 23.641 -10.959 28.712 25.386 -15.093 28.211
23.096 -10.322 29.739 22.344 -9.08 29.539 23.318 -7.911 29.475 20.32 -7.8 30.595
24.229 -7.839 30.448 25.2 -6.742 30.561 26.427 -6.912 29.672 24.764 -6.137 33.067
26.647 -8.134 29.197 27.788 -8.491 28.359 29.129 -8.244 29.074 25.692 -9.177 24.869
29.221 -8.721 30.31 30.453 -8.586 31.104 30.501 -9.639 32.212 31.886 -6.782 32.115
31.706 -9.941 32.695 31.89 -10.771 33.88 31.579 -9.955 35.139 33.457 -11.944 34.568
30.725 -10.509 35.994 30.229 -9.852 37.202 30.642 -10.678 38.421 28.377 -8.85 36.843
31.135 -10.007 39.456 31.434 -10.651 40.742 30.166 -10.897 41.568 32.495 -10.032 42.2
29.901 -12.151 41.927 28.76 -12.49 42.788 28.776 -11.758 44.146 28.391 -14.484 42.311
29.954 -11.605 44.739 30.083 -10.983 46.061 29.517 -9.555 46.075 31.549 -10.988 46.511
29.658 -8.855 44.95 29.237 -7.458 44.807 27.712 -7.258 44.73 29.616 -7.07 42.954
26.973 -8.339 44.493 25.529 -8.272 44.3 24.736 -9.237 45.191 25.434 -9.039 42.012
25.38 -9.873 46.177 24.674 -10.846 47.023 23.437 -10.203 47.697 26.182 -12.12 47.696
22.299 -10.902 47.633 21.01 -10.379 48.087 20.118 -9.898 46.952 20.768 -10.353 49.057
20.75 -9.506 45.843 20.077 -9.162 44.597 20.678 -9.984 43.471 19.643 -5.866 44.665
21.069 -11.207 43.794 21.813 -12.03 42.852 20.881 -12.911 42.03 21.945 -14.169 45.193
21.276 -13.223 40.796 20.564 -14.207 39.989 20.973 -15.642 40.339 21.926 -13.278 39.119
20.332 -16.603 39.687 20.524 -18.016 40.0 21.97 -18.504 39.865 19.115 -21.366 38.931
22.744 -17.896 38.963 24.156 -18.266 38.762 24.949 -18.147 40.051 23.751 -16.7 36.216
24.553 -17.184 40.874 25.254 -16.842 42.105 24.753 -17.552 43.353 25.63 -14.87 41.738
23.781 -18.449 43.205 23.18 -19.138 44.35 24.215 -19.873 45.204 22.102 -20.11 43.879
25.079 -20.653 44.557 26.122 -21.412 45.256 26.99 -20.496 46.119 29.363 -23.437 45.383
27.519 -19.443 45.504 28.453 -18.545 46.173 27.811 -17.659 47.255 31.166 -16.516 45.974
26.613 -17.144 46.983 25.977 -16.146 47.849 25.253 -16.747 49.05 25.425 -14.664 46.538
24.587 -17.878 48.845 23.961 -18.613 49.94 25.034 -19.338 50.753 21.212 -19.898 48.48
