EEYSSNWAGAVLIGDGYTKVTGEFTVPSVSAG
CCCCCCCCEEEEECCCEEEEEEEEECCCCCCC
28.717 24.346 33.562 27.982 24.864 32.364 26.528 25.164 32.717 28.981 22.738 29.917
25.835 25.804 31.782 24.423 26.154 31.925 23.722 25.538 30.719 23.371 28.346 33.534
22.581 24.882 30.951 21.83 24.28 29.859 20.683 25.17 29.464 23.375 20.933 30.541
20.316 25.094 28.203 19.188 25.85 27.681 18.635 24.976 26.577 19.898 27.206 26.519
17.423 25.29 26.122 16.799 24.515 25.056 17.28 24.929 23.674 14.988 24.744 25.706
17.774 26.16 23.57 18.1 26.701 22.254 19.499 27.26 21.991 16.998 28.829 22.929
20.256 27.612 23.022 21.606 28.177 22.834 22.751 27.306 23.342 21.103 32.384 23.215
23.821 27.224 22.571 25.027 26.517 23.015 26.134 27.498 22.647 25.229 25.228 22.265
27.171 27.612 23.468 28.234 28.547 23.146 28.8 29.26 24.362 28.539 28.683 22.203
29.258 30.489 24.162 29.867 31.274 25.233 29.247 32.657 25.317 31.372 31.396 24.992
28.89 33.076 26.532 28.285 34.389 26.76 29.059 35.179 27.828 26.318 34.412 26.958
29.542 36.362 27.458 30.229 37.24 28.399 29.161 38.13 29.021 32.65 37.834 27.49
29.197 38.26 30.346 28.263 39.127 31.05 29.087 40.254 31.691 26.68 37.775 32.234
28.776 41.49 31.324 29.494 42.627 31.855 28.805 43.912 31.452 30.324 42.54 32.406
29.584 44.896 31.017 29.034 46.19 30.633 29.826 46.831 29.51 28.07 46.852 32.804
29.149 47.66 28.727 29.797 48.404 27.658 30.222 47.706 26.378 29.948 49.382 27.801
29.691 46.52 26.094 30.067 45.821 24.865 29.54 46.558 23.645 30.607 42.808 27.046
30.442 46.961 22.748 30.03 47.66 21.535 30.444 46.951 20.238 30.874 49.363 21.904
31.181 45.852 20.354 31.61 45.1 19.175 31.89 43.657 19.557 34.702 45.16 16.986
31.425 42.722 18.727 31.683 41.301 18.955 31.992 40.726 17.584 30.439 40.291 20.06
33.052 39.938 17.496 33.432 39.351 16.23 33.939 37.922 16.422 35.023 40.075 15.348
33.868 37.133 15.361 34.346 35.764 15.399 34.507 35.261 13.982 34.53 35.261 16.244
35.327 34.234 13.815 35.57 33.652 12.504 35.344 32.139 12.602 38.435 33.84 10.727
34.623 31.558 11.65 34.394 30.116 11.664 34.32 29.543 10.254 31.007 30.658 11.429
34.5 28.239 10.161 34.407 27.551 8.891 33.005 26.947 8.814 35.871 26.408 8.424
32.353 27.112 7.671 31.012 26.59 7.473 31.084 25.078 7.58 29.969 27.347 6.041
30.34 24.503 8.534 30.347 23.056 8.74 29.561 22.203 7.763 29.286 24.022 9.912
29.863 20.913 7.812 29.19 19.891 7.025 28.035 19.428 7.925 29.864 18.265 6.324
26.806 19.484 7.415 25.642 19.085 8.207 24.952 17.82 7.714 24.61 20.759 8.134
24.427 17.066 8.669 23.7 15.841 8.396 22.504 15.78 9.351 24.868 14.589 9.236
21.713 14.718 9.24 20.546 14.542 10.095 20.934 14.408 11.557 19.769 13.305 9.659
20.133 15.017 12.421 20.369 14.917 13.847 19.754 13.631 14.374 20.865 15.609 14.371
