SCFGGRMDRIGAQSGLGCNSF
CCCCCCCCCCCCCCCCCCCCC
24.551 28.172 6.366 24.14 26.762 6.112 23.492 26.119 7.351 25.854 25.908 6.177
22.5 25.248 7.125 21.802 24.547 8.217 22.585 23.326 8.726 20.011 23.552 8.427
23.704 23.607 9.392 24.569 22.584 9.971 25.519 23.293 10.918 24.014 20.074 7.736
25.993 24.463 10.482 26.925 25.246 11.276 28.286 24.568 11.313 26.673 26.105 11.721
29.259 25.198 11.971 30.592 24.624 12.061 30.6 23.16 12.474 31.406 25.171 11.863
29.674 22.793 13.358 29.57 21.424 13.852 28.129 21.007 14.207 31.355 18.83 14.373
28.007 20.225 15.278 26.729 19.723 15.781 27.07 18.877 17.01 24.38 18.055 14.794
28.368 18.865 17.344 28.949 18.146 18.487 27.975 17.197 19.18 30.396 20.116 19.012
26.924 17.805 19.745 25.868 17.132 20.494 24.942 16.185 19.762 25.603 16.562 24.021
25.406 15.591 18.663 24.593 14.627 17.918 24.185 13.573 18.953 25.578 13.99 15.803
22.968 13.044 18.842 22.51 12.048 19.804 22.184 12.664 21.159 22.431 11.08 19.568
21.399 13.739 21.137 21.049 14.439 22.363 19.566 14.771 22.542 21.872 15.714 22.453
18.964 15.349 21.503 17.558 15.767 21.531 17.397 16.765 20.391 16.198 17.855 23.849
18.247 17.793 20.445 18.315 18.898 19.494 17.989 18.58 18.026 20.216 19.063 19.648
16.698 18.436 17.746 16.23 18.159 16.401 14.864 18.789 16.223 16.749 17.635 15.726
14.781 20.105 16.442 13.533 20.883 16.331 13.762 22.244 15.657 12.334 20.373 18.778
14.964 22.457 15.138 15.265 23.728 14.51 16.65 23.79 13.903 14.597 24.472 14.497
16.702 24.312 12.685 17.942 24.453 11.938 18.923 25.489 12.515 17.638 24.191 9.872
19.694 26.064 11.583 20.728 27.106 11.774 21.038 27.603 10.334 21.907 26.177 13.81
21.997 28.525 10.22 22.428 29.074 8.931 23.203 30.396 9.048 20.667 29.519 8.297
24.187 30.55 8.166 25.041 31.741 8.118 24.759 32.561 6.843 27.551 32.444 9.317
