CQGGPYWVPPGVSQYSDAGDMELPPG
CCCCCCCCCCCCCCCCCCCCCCCCCC
77.035 49.388 15.777 75.665 49.01 16.097 75.242 47.809 15.262 74.822 50.468 14.926
80.206 50.033 17.166 79.439 49.468 16.052 78.065 48.993 16.514 79.454 48.144 13.541
80.449 52.988 19.324 80.954 51.784 18.681 80.105 51.316 17.512 81.785 51.332 19.004
79.448 55.439 20.295 80.389 54.669 21.096 80.968 53.407 20.476 80.623 54.987 22.015
77.424 56.61 18.884 78.798 56.944 18.493 79.865 56.158 19.256 77.853 58.278 19.397
74.492 55.783 18.171 75.463 55.16 19.059 76.898 55.409 18.611 77.127 52.01 20.486
73.074 56.987 16.26 72.54 57.107 17.612 73.514 56.546 18.642 68.672 56.554 16.107
73.52 58.481 13.364 74.324 57.716 14.307 73.819 57.95 15.727 76.25 57.78 14.057
71.129 57.908 10.723 71.732 58.777 11.736 72.524 57.904 12.702 69.88 58.552 11.844
71.987 56.614 7.456 71.331 56.431 8.758 71.951 57.351 9.818 71.981 54.869 7.942
74.154 47.17 15.685 73.596 46.044 14.961 74.412 44.782 14.799 72.674 46.135 14.584
75.266 44.483 15.767 76.085 43.284 15.69 75.539 42.134 16.529 78.01 43.474 15.868
75.491 40.943 15.936 75.05 39.741 16.643 76.233 38.78 16.642 73.693 38.47 16.273
76.412 38.039 17.727 77.522 37.101 17.817 77.389 35.933 16.836 76.757 35.594 20.712
76.188 35.719 16.3 75.963 34.629 15.345 76.103 35.136 13.913 74.106 33.05 18.221
76.975 34.493 13.141 77.2 34.89 11.756 75.934 34.729 10.919 78.16 33.367 11.128
75.077 33.792 11.309 73.837 33.554 10.58 72.624 33.992 11.396 73.813 31.204 11.359
72.8 35.052 12.18 71.725 35.574 13.012 70.49 35.937 12.189 72.216 36.798 13.791
69.327 35.5 12.664 68.067 35.787 11.995 67.887 35.266 10.577 67.367 36.311 12.48
68.541 34.156 10.238 68.435 33.611 8.885 67.285 32.644 8.602 70.71 33.907 7.97
66.282 32.606 9.47 65.142 31.723 9.23 64.599 31.977 7.823 62.055 31.48 10.444
64.356 30.905 7.078 63.844 31.028 5.717 62.489 31.717 5.635 65.424 29.712 4.1
62.253 32.368 4.499 61.002 33.058 4.206 60.594 32.615 2.801 60.096 35.522 4.195
59.672 31.642 2.698 59.234 31.165 1.381 58.613 32.26 0.511 58.343 30.443 2.866
58.834 32.18 -0.81 58.323 33.144 -1.788 56.817 33.118 -2.023 59.333 31.751 -2.486
56.18 31.993 -1.713 54.745 31.883 -1.915 54.359 31.767 -3.381 54.106 31.887 -1.145
