GLNSKIAQLVSMGFDPLEAAQALDAANGDLDVAASFLL
CCHHHHHHHHHCCCCHHHHHHHHHHHCCCCHHHHHHHC
30.217 18.901 35.19 31.356 19.617 35.854 31.229 21.131 35.729 32.104 19.145 36.32
30.907 21.583 34.525 30.852 23.014 34.237 29.803 23.739 35.069 30.757 24.55 32.115
28.601 23.178 35.169 27.549 23.844 35.942 27.896 24.002 37.415 25.682 23.29 34.426
28.568 23.006 37.985 29.021 23.121 39.354 30.029 24.254 39.507 29.063 21.32 39.902
30.909 24.418 38.526 31.853 25.541 38.569 31.143 26.882 38.415 34.608 23.66 36.805
30.165 26.967 37.518 29.402 28.223 37.412 28.76 28.564 38.752 28.223 28.324 35.338
28.133 27.563 39.37 27.521 27.731 40.675 28.514 28.213 41.745 26.863 26.423 41.103
29.74 27.679 41.73 30.776 28.151 42.645 31.009 29.639 42.467 32.475 26.26 44.018
31.109 30.073 41.217 31.325 31.481 40.941 30.113 32.327 41.322 33.053 31.453 38.969
28.91 31.847 41.036 27.7 32.549 41.477 27.65 32.676 43.022 25.998 32.121 40.629
28.142 31.663 43.73 28.189 31.698 45.201 29.128 32.774 45.734 29.254 30.156 45.648
30.061 33.236 44.902 30.959 34.31 45.267 30.352 35.667 45.017 33.619 32.882 44.041
29.174 35.691 44.409 28.499 36.938 44.126 28.561 37.345 42.673 28.043 37.457 44.849
29.174 36.53 41.818 29.203 36.832 40.378 27.92 36.392 39.676 32.527 37.001 40.772
27.637 37.007 38.55 26.424 36.693 37.819 26.667 35.477 36.922 25.646 39.066 37.886
25.614 34.695 36.697 25.701 33.462 35.916 26.394 33.581 34.546 24.02 33.879 36.66
25.997 34.559 33.734 26.571 34.676 32.406 28.038 35.103 32.421 25.789 35.55 30.089
28.383 36.114 33.212 29.784 36.501 33.343 30.628 35.318 33.862 29.969 38.6 35.992
30.058 34.534 34.778 30.722 33.311 35.275 30.972 32.286 34.171 29.907 32.698 36.393
29.929 31.987 33.406 30.035 31.041 32.309 31.062 31.477 31.294 28.673 30.872 31.624
31.054 32.771 31.001 31.964 33.322 29.996 33.417 33.268 30.451 30.043 35.771 28.689
33.642 33.548 31.732 34.98 33.405 32.333 35.457 31.953 32.301 34.987 33.948 33.741
34.578 31.025 32.634 34.949 29.62 32.562 35.239 29.138 31.14 33.832 28.435 34.61
34.468 29.623 30.179 34.71 29.322 28.757 36.111 29.774 28.358 33.86 29.787 26.467
36.426 31.032 28.647 37.766 31.587 28.342 38.85 30.749 28.995 37.855 33.007 28.825
38.58 30.333 30.232 39.531 29.583 31.046 39.555 28.083 30.736 39.229 29.818 32.522
38.771 27.668 29.75 38.643 26.267 29.395 38.274 25.364 30.57 40.118 26.47 27.402
37.365 25.857 31.404 36.88 25.104 32.551 37.686 25.174 33.837 36.04 24.569 32.461
38.766 25.952 33.841 39.632 26.059 35.013 39.031 27.101 35.967 41.981 26.419 35.682
38.419 26.628 37.044 37.669 27.475 37.939 38.587 28.469 38.633 35.995 27.178 39.946
39.771 28.021 39.015 40.696 28.914 39.729 41.108 30.083 38.836 41.654 27.191 41.226
41.338 29.812 37.552 41.638 30.865 36.586 40.45 31.791 36.35 42.625 30.412 34.944
39.265 31.214 36.177 38.055 31.997 35.937 37.76 32.913 37.105 36.865 31.072 35.68
37.885 32.398 38.324 37.68 33.221 39.524 38.645 34.413 39.495 37.88 32.392 40.781
39.927 34.133 39.249 40.96 35.189 39.237 40.576 36.304 38.268 42.533 34.15 39.394
40.062 35.912 37.092 39.528 36.871 36.09 38.477 37.805 36.672 40.336 35.211 33.144
37.514 37.229 37.391 36.361 37.962 37.887 36.605 38.845 39.116 34.396 36.441 37.06
37.661 38.556 39.872 37.944 39.279 41.113 38.248 40.763 40.932 38.843 38.321 42.536
