MTIDEIIEAIEKLTVSELAELVKKLEDKFG
CCHHHHHHHHHHCCHHHHHHHHHHHHHHHC
0.159 -10.892 6.171 0.119 -9.412 5.989 1.388 -8.886 5.326 -1.232 -8.179 8.619
1.258 -7.759 4.635 2.396 -7.128 3.984 3.061 -6.267 5.055 2.049 -6.311 2.27
4.223 -5.71 4.745 4.916 -4.88 5.714 4.084 -3.7 6.193 7.165 -4.576 5.129
3.545 -2.923 5.258 2.73 -1.773 5.622 1.495 -2.209 6.406 3.418 -0.299 3.76
1.011 -3.414 6.119 -0.155 -3.953 6.81 0.207 -4.322 8.244 -1.499 -5.851 4.42
1.425 -4.807 8.436 1.889 -5.174 9.766 1.967 -3.917 10.628 3.713 -6.712 9.686
2.528 -2.857 10.058 2.67 -1.6 10.774 1.301 -0.986 11.065 4.478 -0.298 9.882
0.403 -1.052 10.09 -0.923 -0.484 10.27 -1.637 -1.187 11.419 -2.487 1.2 9.128
-1.451 -2.503 11.509 -2.061 -3.301 12.569 -1.536 -2.872 13.94 -1.767 -4.775 12.344
-0.235 -2.624 14.022 0.358 -2.204 15.283 -0.167 -0.836 15.701 2.678 -2.744 15.312
-0.282 0.078 14.746 -0.767 1.414 15.052 -2.176 1.396 15.652 0.329 3.15 12.394
-2.963 0.373 15.299 -4.34 0.216 15.778 -4.453 -0.428 17.159 -6.161 -0.094 12.645
-3.385 -1.076 17.607 -3.396 -1.704 18.917 -3.509 -0.637 19.994 -1.845 -3.801 18.572
-4.099 -0.987 21.132 -4.177 -0.033 22.238 -2.773 -0.103 22.847 -5.575 -0.891 23.28
-2.429 0.829 23.729 -1.099 0.795 24.328 -0.88 -0.485 25.136 -0.374 2.398 25.173
-1.934 -0.964 25.795 -1.854 -2.193 26.577 -1.603 -3.37 25.646 -3.252 -1.942 27.846
-2.22 -3.349 24.468 -2.019 -4.432 23.51 -0.584 -4.374 22.969 -4.994 -4.559 21.915
-0.041 -3.166 22.827 1.329 -3.017 22.341 2.333 -3.636 23.325 2.925 -1.088 21.476
2.162 -3.376 24.619 3.081 -3.928 25.624 3.021 -5.452 25.606 2.73 -3.413 27.009
1.837 -5.994 25.335 1.664 -7.444 25.266 2.409 -7.974 24.046 -0.011 -9.052 26.674
2.302 -7.248 22.94 2.98 -7.625 21.708 4.472 -7.67 22.007 3.353 -6.453 19.32
4.969 -6.582 22.586 6.383 -6.442 22.906 6.872 -7.591 23.778 7.036 -4.686 23.474
6.045 -7.997 24.733 6.404 -9.091 25.622 6.47 -10.401 24.827 5.783 -10.958 28.317
5.543 -10.58 23.888 5.517 -11.786 23.062 6.646 -11.819 22.032 2.037 -12.744 23.045
7.341 -10.696 21.854 8.47 -10.634 20.922 9.763 -10.75 21.733 7.712 -9.036 18.93
9.748 -10.188 22.941 10.903 -10.223 23.837 11.286 -11.655 24.207 10.599 -7.688 26.046
10.287 -12.506 24.41 10.538 -13.901 24.765 11.047 -14.706 23.571 8.755 -13.934 26.48
10.346 -14.59 22.448 10.684 -15.314 21.229 11.974 -14.863 20.551 8.902 -16.578 18.41
12.323 -13.587 20.693 13.531 -13.06 20.063 14.449 -12.301 21.018 11.692 -13.228 17.196
13.851 -11.66 22.018 14.586 -10.885 23.008 16.1 -10.911 22.969 14.073 -10.358 23.685
