TRGTRRIITGEATQEDYYTGDHYATFSLIDKTC
CCCCEEEECCCCCCCCCCCCCCEEEEEEEECCC
-2.648 11.564 -11.629 -2.837 11.041 -10.231 -2.307 9.572 -10.176 -4.8 11.436 -9.956
-2.052 9.064 -8.953 -1.226 7.858 -8.802 -1.959 6.544 -8.53 -0.329 9.047 -4.571
-3.279 6.508 -8.772 -4.07 5.319 -8.491 -4.411 5.171 -7.0 -4.341 4.691 -9.221
-5.005 4.036 -6.638 -5.684 3.862 -5.341 -5.025 2.814 -4.409 -7.477 3.462 -6.093
-3.793 2.344 -4.747 -3.125 1.288 -3.966 -2.106 1.906 -2.949 -3.093 -1.589 -7.776
-2.105 1.395 -1.703 -1.236 1.924 -0.603 -0.885 0.775 0.37 -2.418 5.535 -1.879
0.241 0.974 1.107 0.558 0.212 2.352 0.569 1.197 3.558 2.282 -1.512 2.0
-0.074 0.761 4.665 0.041 1.45 5.969 0.944 0.575 6.902 -1.673 2.591 6.506
1.975 1.213 7.516 2.76 0.551 8.6 2.18 0.874 9.985 4.529 1.337 8.179
2.159 -0.133 10.883 2.114 0.098 12.344 3.472 -0.157 13.008 1.281 0.386 12.817
3.549 -0.016 14.351 4.836 -0.172 15.1 5.29 -1.636 15.415 4.538 2.402 17.315
4.388 -2.598 15.487 4.696 -3.962 15.918 5.38 -4.795 14.797 3.496 -4.633 16.44
5.977 -5.949 15.201 6.769 -6.839 14.394 5.852 -7.339 13.229 7.868 -8.154 15.556
6.203 -7.078 11.941 5.487 -7.444 10.703 4.072 -6.807 10.576 6.063 -10.904 10.497
3.78 -5.726 11.324 2.412 -5.131 11.278 2.308 -4.161 10.062 0.688 -3.275 13.545
1.895 -4.706 8.907 1.732 -3.971 7.625 0.346 -4.33 7.035 4.276 -3.653 7.297
-0.373 -3.309 6.526 -1.735 -3.445 5.954 -1.728 -2.99 4.474 -2.834 -3.081 9.668
-2.456 -3.737 3.613 -2.618 -3.372 2.178 -4.071 -2.844 1.95 -2.667 -3.929 -1.64
-4.183 -1.774 1.114 -5.478 -1.296 0.567 -5.355 -1.131 -0.967 -6.068 0.567 1.004
-6.388 -1.582 -1.706 -6.53 -1.307 -3.164 -7.554 -0.212 -3.508 -5.992 -1.807 -3.843
-8.19 0.388 -2.497 -9.374 1.261 -2.675 -9.264 2.569 -1.832 -10.821 -0.059 -1.055
-8.028 3.144 -1.767 -7.813 4.455 -1.1 -8.388 4.456 0.335 -7.871 7.709 -1.088
-8.039 3.386 1.094 -8.281 3.311 2.58 -9.737 2.924 2.951 -5.287 5.845 2.546
-10.622 2.609 1.972 -12.004 2.181 2.361 -11.971 0.825 3.11 -12.94 2.108 1.126
-11.076 -0.082 2.67 -10.886 -1.42 3.342 -9.363 -1.755 3.42 -12.017 -2.543 2.341
-9.036 -2.57 4.417 -7.623 -3.03 4.679 -7.598 -4.535 4.959 -6.566 0.109 5.71
-6.514 -5.228 4.528 -6.16 -6.612 4.927 -4.728 -6.634 5.523 -6.886 -7.572 3.487
-4.517 -7.446 6.554 -3.135 -7.678 7.065 -2.328 -8.433 5.998 -2.916 -7.889 9.765
-1.064 -8.041 5.747 -0.186 -8.734 4.796 0.534 -9.906 5.475 1.019 -7.059 3.409
0.32 -11.137 4.939 1.044 -12.357 5.391 2.305 -12.525 4.465 0.759 -14.809 5.89
3.465 -12.09 4.983 4.743 -12.166 4.263 5.317 -13.586 4.149 6.009 -8.768 5.655
4.648 -14.576 4.738 5.073 -15.973 4.736 4.376 -16.859 3.667 4.664 -16.501 6.625
3.516 -16.284 2.783 2.806 -17.065 1.73 2.581 -16.245 0.438 1.228 -17.016 1.53
