EMVRQARILAQATSDLVNAIKA
CHHHHHHHHHHHHHHHHHHHHC
-23.251 -9.435 28.906 -22.67 -8.909 30.183 -22.317 -10.006 31.189 -24.003 -5.947 30.703
-21.031 -10.082 31.527 -20.567 -10.728 32.756 -19.858 -9.656 33.591 -19.377 -13.575 32.701
-20.365 -8.428 33.499 -19.725 -7.264 34.108 -19.699 -7.36 35.633 -20.165 -5.463 33.447
-20.768 -7.892 36.224 -20.826 -8.072 37.675 -19.644 -8.903 38.174 -22.884 -9.679 41.077
-19.415 -10.047 37.534 -18.368 -10.979 37.963 -16.969 -10.436 37.667 -20.522 -12.649 37.582
-16.827 -9.739 36.541 -15.551 -9.135 36.16 -15.154 -8.006 37.11 -15.611 -8.624 34.727
-16.11 -7.139 37.444 -15.859 -6.041 38.384 -15.466 -6.557 39.769 -17.744 -2.494 36.824
-16.162 -7.589 40.241 -15.851 -8.204 41.535 -14.431 -8.78 41.538 -17.732 -9.426 42.372
-14.059 -9.469 40.461 -12.717 -10.045 40.343 -11.648 -8.959 40.243 -11.535 -11.956 38.991
-11.93 -7.908 39.476 -11.004 -6.782 39.341 -10.786 -6.072 40.679 -11.511 -5.799 38.298
-11.871 -5.843 41.415 -11.787 -5.156 42.705 -11.081 -6.014 43.754 -12.548 -3.1 44.128
-11.37 -7.313 43.757 -10.687 -8.257 44.646 -9.188 -8.302 44.352 -11.294 -9.648 44.512
-8.839 -8.249 43.069 -7.442 -8.209 42.647 -6.782 -6.885 43.051 -7.05 -8.889 40.874
-7.515 -5.778 42.931 -7.024 -4.469 43.389 -6.729 -4.467 44.891 -8.045 -3.224 42.368
-7.637 -5.047 45.671 -7.46 -5.16 47.123 -6.203 -5.96 47.469 -9.881 -5.018 47.667
-5.96 -7.031 46.713 -4.781 -7.881 46.897 -3.507 -7.09 46.61 -3.872 -10.196 46.161
-3.474 -6.437 45.449 -2.308 -5.665 45.012 -2.007 -4.508 45.973 -2.126 -5.211 43.105
-3.053 -3.865 46.488 -2.893 -2.825 47.508 -2.283 -3.364 48.802 -4.684 -1.238 46.782
-2.717 -4.553 49.217 -2.19 -5.196 50.425 -0.704 -5.533 50.291 -2.987 -6.453 50.748
-0.299 -5.954 49.095 1.102 -6.279 48.814 1.988 -5.037 48.965 1.202 -7.706 46.89
1.512 -3.904 48.453 2.269 -2.649 48.484 2.299 -1.989 49.865 1.27 -1.465 44.984
1.275 -2.243 50.677 1.173 -1.641 52.009 2.287 -2.131 52.931 -0.187 -1.945 52.623
