ILEAAKSIAAATSALVKAASA
CHHHHHHHHHHHHHHHHHHHC
20.897 26.362 20.462 20.909 25.973 19.015 19.531 26.007 18.319 21.388 24.041 19.359
18.443 26.308 19.033 17.111 26.255 18.423 16.931 27.341 17.398 15.531 25.185 20.22
17.273 28.573 17.76 17.253 29.685 16.803 18.302 29.517 15.689 15.579 31.462 17.806
19.453 28.94 16.03 20.506 28.631 15.06 20.025 27.608 14.041 21.755 28.106 15.77
19.282 26.606 14.514 18.758 25.528 13.683 17.55 25.96 12.869 18.389 24.336 14.542
16.725 26.848 13.418 15.585 27.398 12.682 16.054 28.165 11.454 13.112 28.597 15.381
17.116 28.923 11.663 17.71 29.763 10.654 18.366 28.949 9.533 19.206 30.9 10.898
19.039 27.86 9.876 19.654 27.004 8.862 18.553 26.282 8.074 21.268 25.219 9.206
17.475 25.884 8.74 16.314 25.287 8.072 15.649 26.265 7.106 15.299 24.825 9.101
15.423 27.49 7.569 14.831 28.535 6.742 15.702 28.804 5.52 14.666 29.804 7.55
17.014 28.87 5.745 17.986 29.097 4.669 18.045 27.943 3.66 19.358 29.35 5.268
17.976 26.712 4.141 18.061 25.535 3.285 16.785 25.319 2.464 18.831 23.979 4.139
15.632 25.493 3.112 14.341 25.418 2.433 14.242 26.443 1.31 13.056 25.004 3.771
14.721 27.653 1.574 14.78 28.711 0.577 15.745 28.403 -0.575 15.2 29.992 1.248
16.925 27.876 -0.252 17.816 27.376 -1.279 17.073 26.39 -2.132 20.111 26.181 -1.506
16.471 25.392 -1.487 15.818 24.301 -2.199 14.575 24.785 -2.976 15.653 22.56 -1.316
13.907 25.843 -2.51 12.86 26.488 -3.308 13.457 27.175 -4.552 10.14 27.175 -1.038
14.609 27.856 -4.394 15.201 28.59 -5.548 15.715 27.618 -6.605 16.329 29.495 -5.072
16.161 26.393 -6.348 16.575 25.282 -7.251 15.362 24.637 -7.912 17.367 24.241 -6.472
14.1 25.007 -7.794 13.063 24.619 -8.742 12.388 25.845 -9.349 11.662 23.34 -8.574
12.615 27.04 -8.834 12.317 28.287 -9.594 13.038 28.291 -10.938 12.719 29.508 -8.777
