SNSWAVAPGKTANGNALLLQNPHLSWTT
CCCCEECCCCCCCCCEEEECCCCCCCCC
8.53 -65.068 -118.549 9.966 -65.031 -118.148 10.185 -64.585 -116.709 10.597 -64.269 -119.762
11.31 -65.005 -116.13 11.739 -64.604 -114.801 13.085 -63.889 -114.892 10.766 -66.655 -113.759
13.379 -63.086 -113.882 14.632 -62.357 -113.798 14.921 -62.052 -112.335 13.997 -60.633 -114.382
16.129 -62.375 -111.871 16.585 -62.039 -110.525 17.967 -61.408 -110.581 14.888 -65.386 -108.523
18.186 -60.366 -109.785 19.542 -59.9 -109.504 19.638 -59.673 -108.014 19.879 -58.621 -110.278
20.739 -60.104 -107.434 20.91 -60.074 -106.002 22.163 -59.284 -105.677 20.699 -61.771 -105.093
22.037 -58.325 -104.764 23.164 -57.504 -104.329 24.129 -58.306 -103.453 22.669 -56.27 -103.574
25.394 -57.876 -103.408 26.422 -58.489 -102.55 26.048 -58.722 -101.076 26.991 -57.036 -103.578
25.365 -57.759 -100.453 25.025 -57.855 -99.037 24.098 -59.024 -98.7 25.385 -57.197 -98.375
23.332 -59.479 -99.687 22.385 -60.587 -99.532 23.004 -61.971 -99.85 18.904 -60.949 -100.281
24.293 -62.005 -100.168 24.986 -63.24 -100.52 26.041 -63.543 -99.477 25.727 -62.601 -102.226
26.488 -64.791 -99.434 27.54 -65.225 -98.506 28.936 -64.788 -98.924 27.51 -66.761 -98.361
29.221 -64.825 -100.22 30.568 -64.539 -100.716 30.809 -63.063 -101.002 31.046 -66.767 -101.797
29.745 -62.264 -101.108 29.878 -60.839 -101.39 29.936 -60.443 -102.868 29.925 -60.188 -100.633
29.426 -61.302 -103.754 29.352 -61.049 -105.197 27.903 -61.184 -105.686 31.504 -62.254 -105.385
27.504 -60.272 -106.571 26.143 -60.216 -107.073 25.837 -61.468 -107.885 25.944 -58.981 -107.926
24.545 -61.797 -107.962 24.065 -62.973 -108.69 23.026 -62.539 -109.701 24.047 -64.639 -106.624
22.983 -63.23 -110.827 22.042 -62.907 -111.893 21.416 -64.199 -112.419 22.19 -61.487 -114.138
20.095 -64.191 -112.582 19.337 -65.193 -113.291 18.836 -64.655 -114.629 17.176 -66.658 -112.875
19.193 -65.346 -115.716 18.583 -65.155 -117.017 17.648 -66.347 -117.247 21.475 -64.413 -118.653
16.411 -66.072 -117.642 15.359 -67.069 -117.602 14.183 -66.709 -118.504 14.166 -68.423 -115.86
14.434 -66.458 -119.795 13.356 -66.16 -120.74 12.421 -67.33 -121.015 15.092 -66.234 -121.458
11.103 -67.107 -121.009 10.145 -68.133 -121.393 9.647 -67.879 -122.812 9.444 -68.648 -118.319
9.89 -68.844 -123.688 9.615 -68.673 -125.108 9.12 -69.989 -125.684 11.455 -66.882 -125.716
8.658 -69.944 -126.928 8.065 -71.111 -127.561 9.13 -72.155 -127.866 6.82 -70.274 -128.695
8.754 -73.418 -127.742 9.661 -74.522 -128.012 9.581 -74.879 -129.483 10.459 -76.499 -124.467
8.369 -74.832 -130.035 8.128 -75.059 -131.455 8.748 -76.389 -131.933 8.808 -73.755 -132.826
8.383 -77.449 -131.211 8.949 -78.794 -131.376 8.64 -79.419 -132.747 8.76 -80.093 -129.898
