VSRLEEDVRNLNAIVQKLQERLDRLEETVQAK
CCHHHHHHHHHHHHHHHHHHHHHHHHHHHHHC
-7.319 6.409 23.788 -6.182 5.451 23.683 -4.91 6.26 23.47 -6.801 4.327 22.215
-3.764 5.641 23.7 -2.495 6.302 23.526 -2.193 6.626 22.078 -1.257 4.9 23.649
-1.266 7.542 21.859 -0.844 7.871 20.507 -0.359 6.661 19.733 2.43 10.511 18.422
0.407 5.793 20.378 0.866 4.609 19.694 -0.259 3.681 19.299 3.068 3.254 20.177
-1.209 3.468 20.196 -2.365 2.631 19.902 -3.157 3.211 18.733 -3.367 1.888 23.034
-3.349 4.527 18.766 -4.031 5.194 17.661 -3.304 5.055 16.333 -5.655 6.953 16.563
-1.997 5.288 16.355 -1.215 5.219 15.122 -1.27 3.814 14.538 0.416 7.012 15.524
-1.161 2.803 15.381 -1.201 1.43 14.887 -2.58 1.074 14.318 -0.345 0.047 15.957
-3.689 1.432 14.99 -5.004 1.067 14.426 -5.301 1.864 13.155 -7.834 3.222 17.464
-4.801 3.092 13.074 -4.916 3.89 11.86 -4.16 3.232 10.707 -4.506 6.172 10.979
-2.919 2.819 10.943 -2.133 2.1 9.937 -2.821 0.834 9.475 0.405 2.619 10.362
-3.406 0.113 10.396 -4.181 -1.079 10.021 -5.326 -0.732 9.041 -3.773 -2.581 12.075
-6.044 0.344 9.316 -7.136 0.737 8.449 -6.641 1.197 7.082 -7.977 1.829 9.123
-5.546 1.944 7.042 -4.98 2.396 5.805 -4.483 1.213 4.96 -3.662 4.378 6.119
-3.74 0.299 5.553 -3.191 -0.812 4.77 -4.294 -1.716 4.232 -1.847 -1.603 6.007
-5.388 -1.858 4.954 -6.557 -2.583 4.433 -7.109 -1.912 3.19 -8.365 -3.772 6.975
-7.238 -0.594 3.212 -7.714 0.137 2.039 -6.728 0.043 0.864 -9.853 2.873 3.612
-5.429 0.105 1.14 -4.421 -0.08 0.099 -4.488 -1.457 -0.539 -2.492 1.514 0.797
-4.662 -2.478 0.278 -4.816 -3.833 -0.235 -6.015 -3.952 -1.17 -4.064 -5.787 2.393
-7.133 -3.361 -0.769 -8.348 -3.379 -1.582 -8.137 -2.645 -2.894 -10.585 -2.907 0.881
-7.495 -1.475 -2.851 -7.225 -0.711 -4.083 -6.292 -1.494 -5.001 -6.147 3.403 -3.328
-5.303 -2.165 -4.442 -4.393 -2.979 -5.237 -5.091 -4.165 -5.861 -1.932 -2.869 -4.499
-5.916 -4.852 -5.092 -6.737 -5.94 -5.638 -7.523 -5.466 -6.858 -7.269 -7.237 -3.509
-8.154 -4.315 -6.732 -8.966 -3.781 -7.8 -8.13 -3.425 -9.023 -11.411 -1.501 -4.959
-6.996 -2.771 -8.81 -6.192 -2.329 -9.92 -5.58 -3.547 -10.643 -4.492 -0.428 -10.362
-5.163 -4.583 -9.913 -4.64 -5.799 -10.531 -5.702 -6.386 -11.46 -3.06 -7.216 -7.928
-6.929 -6.451 -10.999 -8.009 -7.015 -11.801 -8.273 -6.16 -13.028 -11.158 -7.699 -10.908
-8.246 -4.85 -12.847 -8.486 -3.908 -13.94 -7.452 -4.045 -15.053 -8.944 -2.095 -13.489
-6.188 -4.127 -14.661 -5.102 -4.29 -15.608 -5.258 -5.616 -16.361 -3.286 -3.833 -15.034
-5.564 -6.691 -15.657 -5.685 -7.999 -16.299 -6.823 -8.005 -17.322 -5.266 -9.979 -13.612
-7.895 -7.271 -17.028 -9.091 -7.21 -17.873 -9.02 -6.237 -19.021 -10.28 -6.899 -17.017
-8.0 -5.411 -19.077 -7.91 -4.378 -20.086 -7.741 -4.949 -21.478 -7.82 -1.814 -19.704
