SSKRAPQMDWSKKNELFSNL
CCCCCCCCCHHHHHHHHHCC
-6.727 62.133 46.549 -5.892 63.358 46.383 -4.629 63.083 45.562 -5.528 63.941 47.747
-4.24 64.059 44.741 -3.012 63.982 43.943 -1.766 64.117 44.828 -3.019 65.046 42.845
-0.604 63.77 44.275 0.652 63.768 45.031 1.205 65.176 45.274 1.686 62.883 44.346
0.515 65.917 46.14 0.902 67.274 46.518 1.53 67.289 47.911 -0.308 68.206 46.462
2.274 68.354 48.206 2.962 68.504 49.487 1.986 68.711 50.648 3.939 69.655 49.415
2.326 68.184 51.844 1.511 68.406 53.044 1.326 69.892 53.362 3.163 67.521 53.296
0.134 70.238 53.842 -0.244 71.626 54.101 0.37 72.159 55.401 -2.197 73.549 54.82
0.839 73.408 55.353 1.453 74.096 56.499 1.693 75.582 56.193 4.079 72.443 56.166
1.871 76.386 57.24 2.205 77.807 57.089 3.708 77.99 56.867 2.515 78.299 59.49
4.106 79.196 56.462 5.493 79.485 56.075 6.535 79.305 57.182 5.958 81.312 52.512
6.143 79.548 58.432 7.04 79.316 59.567 7.297 77.823 59.739 6.541 80.623 60.862
6.236 77.03 59.592 6.325 75.574 59.669 7.111 74.991 58.494 4.932 74.957 59.747
7.036 75.656 57.341 7.815 75.27 56.165 9.309 75.427 56.432 5.365 76.184 53.615
9.688 76.572 56.997 11.082 76.86 57.337 11.671 75.916 58.378 11.357 79.256 56.719
10.895 75.619 59.419 11.331 74.713 60.48 11.574 73.305 59.942 10.314 74.69 61.617
10.674 72.85 59.071 10.755 71.517 58.483 11.915 71.422 57.497 8.885 69.842 57.498
12.085 72.472 56.696 13.171 72.57 55.723 14.53 72.569 56.403 14.825 74.277 53.239
14.633 73.34 57.483 15.909 73.63 58.137 16.589 72.449 58.833 15.564 75.39 58.756
15.867 71.347 59.022 16.466 70.142 59.602 16.118 68.836 58.878 14.772 70.145 61.45
15.893 68.933 57.566 15.562 67.773 56.726 16.699 66.758 56.603 14.567 68.062 55.289
