DISTELSKVNASLQNTVKYIKESNHQLQSVI
CCHHHHHHHHHHHHHHHHHHHHHCHHHHHCC
78.418 15.966 83.666 78.055 14.708 84.39 79.087 13.612 84.142 76.311 12.955 84.538
79.3 13.262 82.878 80.281 12.239 82.55 81.684 12.816 82.675 79.659 10.875 80.691
81.856 14.057 82.233 83.15 14.724 82.319 83.517 14.896 83.782 82.98 16.042 80.963
82.51 15.204 84.59 82.693 15.403 86.016 83.09 14.086 86.645 81.318 16.369 86.955
82.397 13.032 86.233 82.649 11.698 86.749 84.034 11.232 86.318 81.331 9.704 87.903
84.435 11.576 85.098 85.747 11.175 84.612 86.84 11.961 85.328 85.521 10.259 82.228
86.537 13.205 85.675 87.499 14.027 86.389 87.732 13.413 87.768 87.425 15.85 86.91
86.653 12.969 88.409 86.755 12.348 89.727 87.591 11.073 89.636 83.657 12.613 91.307
87.367 10.297 88.584 88.115 9.069 88.376 89.605 9.373 88.434 87.7 7.886 86.885
90.028 10.391 87.702 91.442 10.716 87.674 91.987 11.301 88.966 91.576 10.906 85.203
91.139 11.986 89.725 91.583 12.542 90.992 91.938 11.359 91.898 90.465 13.402 91.638
91.085 10.336 91.893 91.296 9.137 92.71 92.581 8.416 92.326 89.517 8.43 92.77
92.799 8.239 91.028 93.999 7.549 90.584 95.253 8.303 91.018 93.076 6.27 88.632
95.209 9.628 90.934 96.355 10.415 91.353 96.599 10.275 92.851 97.232 11.615 89.352
95.525 10.187 93.629 95.671 10.029 95.068 96.284 8.674 95.353 93.888 11.516 95.922
96.056 7.728 94.45 96.625 6.405 94.616 98.13 6.506 94.591 96.082 4.92 93.55
98.633 7.284 93.643 100.06 7.446 93.503 100.605 8.158 94.729 100.711 8.008 91.784
99.86 9.148 95.204 100.24 9.891 96.397 100.495 8.961 97.589 98.31 12.077 98.82
99.595 8.01 97.824 99.776 7.11 98.956 100.847 6.085 98.689 96.622 8.331 100.511
101.053 5.747 97.421 102.091 4.783 97.11 103.421 5.425 97.489 101.78 3.662 94.996
103.606 6.691 97.135 104.857 7.35 97.486 105.06 7.421 98.995 106.186 9.359 95.252
103.986 7.681 99.73 104.071 7.753 101.18 104.545 6.388 101.677 103.422 8.785 103.474
103.884 5.34 101.194 104.228 3.986 101.589 105.7 3.664 101.356 103.584 2.318 100.982
106.222 3.989 100.18 107.627 3.706 99.915 108.531 4.584 100.77 107.506 2.804 97.604
108.097 5.816 101.021 108.88 6.712 101.855 109.093 6.04 103.216 109.281 9.42 103.366
107.999 5.567 103.813 108.058 4.897 105.107 109.022 3.711 105.095 106.204 5.823 106.841
109.106 3.013 103.966 109.998 1.865 103.841 111.462 2.267 103.792 108.62 0.069 102.549
111.722 3.516 103.413 113.09 4.025 103.312 113.871 3.883 104.612 113.132 5.212 100.946
113.16 3.61 105.7 113.783 3.447 107.004 114.195 1.996 107.244 112.609 4.564 107.988
113.343 1.059 106.83 113.606 -0.37 107.003 114.91 -0.802 106.336 112.437 -1.187 106.452
115.845 -1.287 107.152 117.165 -1.737 106.699 118.044 -0.542 106.356 116.945 -3.592 105.185
