PYCEICEMFGHWATNCNDDETF
CCCCHHHHHCCHHHCCCCCCCC
37.569 15.516 2.153 37.713 16.936 2.544 39.142 17.249 3.018 36.594 15.948 3.635
39.624 18.449 2.713 40.956 18.876 3.129 40.839 20.224 3.825 44.564 19.881 2.684
41.503 20.369 4.971 41.464 21.621 5.713 42.805 22.339 5.546 41.296 22.116 7.678
42.789 23.508 4.906 44.017 24.264 4.69 44.537 24.898 5.988 41.895 25.836 3.388
43.716 24.909 7.035 44.161 25.477 8.31 45.02 24.438 9.041 42.352 26.689 9.312
44.508 23.209 9.132 45.234 22.118 9.783 46.258 21.476 8.862 43.687 21.255 10.85
46.088 21.706 7.56 46.934 21.12 6.525 46.853 19.596 6.607 49.504 23.242 6.367
45.624 19.093 6.619 45.39 17.653 6.689 44.03 17.321 6.082 44.37 16.706 9.531
43.843 16.068 5.68 42.557 15.644 5.137 41.673 15.202 6.288 43.839 15.13 2.066
40.364 15.354 6.13 39.467 14.916 7.183 38.271 15.81 7.366 39.652 14.093 7.72
38.463 17.106 7.152 37.366 18.061 7.282 37.628 19.278 6.405 39.06 19.342 9.659
36.575 20.055 6.157 36.677 21.278 5.378 37.094 22.397 6.332 35.246 19.907 2.264
37.841 23.368 5.816 38.29 24.483 6.638 37.109 25.208 7.271 39.111 25.454 5.794
36.016 25.314 6.523 34.843 26.006 7.028 34.301 25.339 8.296 33.217 25.893 5.986
34.544 24.042 8.455 34.08 23.338 9.648 35.139 23.2 10.734 32.369 21.958 8.511
36.336 23.699 10.477 37.412 23.601 11.458 37.132 24.369 12.752 39.457 23.99 11.296
37.368 23.722 13.89 37.208 24.378 15.193 38.582 24.988 15.429 35.544 22.859 16.151
38.893 26.033 14.672 40.212 26.619 14.752 40.447 27.626 15.851 39.775 28.306 12.999
39.451 27.838 16.706 39.666 28.767 17.805 39.99 28.028 19.108 37.249 29.042 18.242
40.109 26.704 19.033 40.493 25.928 20.21 41.984 26.156 20.407 38.546 24.194 20.878
42.401 26.373 21.647 43.815 26.589 21.922 44.271 25.726 23.093 43.731 28.495 22.284
45.576 25.492 23.174 46.144 24.701 24.257 47.3 25.45 24.899 45.201 22.22 23.338
