KPERIVFNFNLIYPENDEEFNTEEILAMIKGLYKVQ
CCCEEEEEEEEECCCCCCCCCHHHHHHHHHHHHCCC
9.516 15.174 7.499 8.424 14.552 6.693 7.125 14.618 7.495 8.02 11.132 5.014
6.013 15.001 6.848 4.751 15.081 7.588 4.297 13.728 8.112 4.637 15.375 5.749
3.495 13.753 9.167 2.993 12.516 9.736 1.599 12.752 10.281 4.6 12.161 12.678
0.809 11.689 10.323 -0.549 11.779 10.821 -0.706 10.864 12.026 -4.663 10.557 10.669
-1.129 11.44 13.144 -1.336 10.673 14.364 -2.726 10.046 14.243 -0.638 12.024 16.209
-2.834 8.755 14.535 -4.115 8.068 14.429 -4.963 8.301 15.672 -4.069 6.269 13.723
-5.541 9.497 15.745 -6.366 9.899 16.873 -7.001 11.226 16.479 -6.518 9.444 20.262
-8.265 11.425 16.831 -8.933 12.686 16.525 -8.674 13.615 17.707 -11.184 13.702 16.141
-7.837 14.625 17.492 -7.492 15.561 18.556 -8.663 16.362 19.112 -4.092 15.541 18.354
-9.798 16.315 18.426 -10.987 17.02 18.891 -11.562 16.26 20.084 -11.619 17.98 16.692
-11.263 14.963 20.145 -11.734 14.116 21.234 -10.855 14.291 22.469 -12.716 12.102 19.876
-9.55 14.432 22.256 -8.61 14.608 23.361 -8.713 15.999 23.972 -6.474 13.736 22.788
-8.707 17.016 23.114 -8.791 18.414 23.538 -10.071 19.047 23.017 -5.038 18.212 23.785
-11.239 18.606 23.514 -12.567 19.096 23.12 -12.67 20.604 22.889 -12.542 17.883 24.525
-13.701 21.223 23.454 -13.891 22.661 23.303 -12.792 23.401 24.06 -16.535 23.055 25.333
-11.547 23.143 23.663 -10.369 23.737 24.286 -10.572 24.081 25.754 -9.086 24.614 22.385
-10.918 23.065 26.536 -11.124 23.228 27.965 -10.034 22.443 28.686 -12.803 21.404 27.882
-10.084 21.118 28.579 -9.084 20.271 29.212 -8.648 19.111 28.318 -10.696 18.436 31.503
-7.958 18.144 28.913 -7.434 16.999 28.18 -8.082 15.682 28.613 -4.214 16.061 27.976
-8.375 14.819 27.646 -8.983 13.518 27.919 -8.207 12.433 27.192 -11.837 15.143 28.683
-8.085 11.264 27.81 -7.358 10.18 27.168 -8.31 9.134 26.597 -6.889 8.548 29.027
-7.744 8.104 25.982 -8.528 7.052 25.362 -9.649 6.469 26.216 -7.591 5.676 24.378
-9.332 6.063 27.439 -10.334 5.46 28.303 -11.421 6.425 28.791 -8.122 3.892 28.499
-11.051 7.678 29.023 -12.035 8.667 29.442 -13.009 8.874 28.278 -10.313 11.049 31.057
-12.481 8.821 27.059 -13.289 8.989 25.864 -14.285 7.84 25.791 -11.996 9.7 23.974
-13.798 6.626 26.016 -14.66 5.456 25.994 -15.74 5.589 27.065 -14.387 2.89 25.868
-15.352 6.093 28.235 -16.29 6.273 29.335 -17.408 7.222 28.905 -15.575 6.822 30.557
-17.045 8.312 28.236 -18.047 9.27 27.782 -18.978 8.651 26.752 -16.144 11.905 27.842
-18.439 7.767 25.918 -19.245 7.104 24.903 -20.304 6.241 25.573 -17.934 6.227 23.102
-19.909 5.551 26.636 -20.824 4.692 27.372 -21.671 5.485 28.365 -18.976 1.589 27.325
-21.424 6.791 28.447 -22.173 7.648 29.353 -21.885 7.411 30.825 -22.817 8.327 29.001
-20.713 6.865 31.128 -20.36 6.588 32.509 -19.138 7.365 32.986 -21.175 4.092 32.756
-18.852 8.5 32.354 -17.702 9.298 32.759 -18.01 10.058 34.044 -14.885 11.785 32.317
-19.021 10.919 34.003 -19.388 11.676 35.192 -19.889 10.681 36.236 -20.803 14.793 35.853
-19.449 10.856 37.478 -19.813 9.952 38.566 -21.158 10.214 39.233 -18.432 9.478 39.87
-21.777 9.13 39.697 -23.065 9.165 40.385 -24.226 9.287 39.404 -22.695 10.849 42.447
