VAYWRQAGLSYIRYSQICAKAVRDA
CCCHHHCCCHHHHHHHHHHHHHHCC
38.579 62.867 17.11 39.288 63.655 18.162 38.7 65.065 18.241 41.241 63.425 18.119
38.329 65.481 19.449 37.724 66.794 19.668 38.755 67.818 20.143 36.577 66.683 20.657
38.425 69.102 19.99 39.324 70.21 20.35 39.725 70.23 21.83 36.296 72.315 21.346
38.786 69.88 22.708 39.06 69.828 24.141 40.013 68.685 24.478 36.155 67.249 24.59
39.84 67.546 23.807 40.793 66.445 23.913 41.938 66.61 22.902 39.221 62.789 25.173
42.746 67.653 23.103 43.966 67.874 22.325 45.152 68.06 23.276 44.732 68.303 19.795
45.146 69.162 24.025 46.014 69.325 25.192 45.102 69.215 26.403 46.72 70.663 25.163
45.118 68.046 27.038 43.983 67.591 27.843 42.979 67.143 26.793 43.913 67.587 28.841
41.683 67.073 27.102 41.078 67.199 28.421 40.11 66.023 28.483 40.76 69.747 29.155
39.742 65.597 29.688 38.791 64.496 29.838 37.357 64.945 29.555 38.51 63.281 31.262
36.47 63.977 29.327 35.046 64.252 29.119 34.361 64.681 30.423 31.553 63.49 27.83
35.008 64.391 31.551 34.508 64.775 32.87 34.567 66.294 33.051 34.77 63.24 34.25
35.634 66.915 32.547 35.761 68.372 32.573 34.777 68.994 31.586 36.976 71.777 33.68
34.674 68.39 30.404 33.698 68.779 29.391 32.287 68.785 29.974 31.873 68.365 26.075
31.916 67.672 30.604 30.593 67.499 31.185 30.346 68.535 32.276 29.774 65.94 31.912
31.319 68.652 33.178 31.321 69.626 34.269 31.007 71.048 33.798 33.723 70.068 36.573
31.644 71.462 32.702 31.475 72.802 32.152 30.076 72.991 31.561 33.483 73.441 31.023
29.662 72.066 30.691 28.324 72.086 30.093 27.223 72.123 31.157 28.664 70.852 28.447
27.369 71.291 32.187 26.426 71.24 33.308 26.272 72.594 34.0 26.854 70.187 34.304
27.398 73.281 34.193 27.431 74.588 34.845 26.796 75.677 33.982 29.82 76.892 36.507
26.934 75.553 32.663 26.367 76.516 31.72 24.84 76.436 31.678 26.947 76.301 30.329
24.312 75.241 31.934 22.871 75.001 31.991 22.289 75.56 33.294 22.196 73.234 31.452
23.044 75.435 34.383 22.632 75.994 35.673 22.683 77.516 35.67 25.093 73.111 37.783
23.639 78.078 34.932 23.814 79.524 34.873 22.794 80.153 33.928 26.251 79.503 35.398
22.15 79.317 33.114 21.083 79.745 32.208 19.704 79.391 32.758 21.273 79.12 30.836
