ATIDMNFQSDLLSIFEENLF
CCCCCCHHHHHHHHHHHHCC
29.418 21.375 32.709 29.195 19.908 32.867 28.584 19.296 31.594 28.314 19.646 34.085
29.445 18.902 30.646 29.016 18.554 29.276 29.486 17.18 28.706 29.611 19.711 27.78
29.556 17.11 27.366 29.78 15.924 26.534 31.188 15.314 26.657 28.624 16.123 24.738
32.195 16.162 26.818 33.554 15.668 27.106 33.564 14.758 28.339 35.944 16.49 27.098
32.703 15.07 29.314 32.653 14.266 30.494 32.064 12.885 30.208 31.861 16.093 32.884
31.119 12.754 29.278 30.634 11.419 28.952 31.715 10.582 28.265 28.18 11.831 28.802
32.535 11.231 27.443 33.602 10.477 26.788 34.586 9.961 27.831 36.212 10.213 24.684
34.987 10.823 28.772 35.853 10.398 29.879 35.27 9.208 30.613 36.718 12.326 32.532
33.961 9.233 30.856 33.302 8.146 31.545 33.381 6.887 30.714 31.542 8.082 32.299
33.097 7.008 29.408 33.165 5.834 28.524 34.547 5.184 28.534 31.489 6.687 26.864
35.594 5.998 28.523 36.963 5.471 28.482 37.317 4.744 29.784 38.383 7.097 27.022
36.913 5.318 30.912 37.227 4.728 32.214 36.582 3.383 32.434 37.794 6.692 33.843
35.418 3.174 31.854 34.668 1.958 32.13 34.824 0.927 31.02 32.918 2.524 31.724
35.702 1.194 30.049 35.803 0.308 28.912 36.053 -1.175 29.282 36.784 0.502 27.17
36.86 -1.431 30.305 37.101 -2.823 30.728 36.305 -3.202 31.979 40.04 -2.803 28.956
35.434 -2.303 32.431 34.55 -2.594 33.568 33.265 -3.272 33.084 35.642 -1.285 35.771
32.548 -3.93 34.0 31.295 -4.566 33.638 30.315 -3.502 33.118 29.859 -5.143 36.62
29.471 -3.873 32.17 28.519 -2.925 31.582 27.254 -2.815 32.428 29.236 -3.473 29.241
26.829 -1.581 32.708 25.588 -1.33 33.456 24.545 -0.609 32.654 26.348 -1.043 35.923
24.974 0.103 31.608 24.077 0.967 30.828 24.114 0.657 29.333 24.341 3.143 33.395
