KFGDWDENNPSSADGYTHIFNKV
CCCCCCCCCCCCCCCCCEEEECC
28.058 -4.593 -10.53 27.354 -3.336 -10.92 25.871 -3.56 -11.176 29.863 -1.164 -12.786
25.067 -3.439 -10.125 23.627 -3.622 -10.243 22.874 -2.297 -10.197 23.391 -6.974 -9.689
23.546 -1.253 -9.722 22.92 0.054 -9.644 23.857 1.165 -10.078 21.976 0.172 -9.335
24.985 0.781 -10.669 25.973 1.749 -11.124 25.722 2.174 -12.561 27.623 0.608 -9.703
24.604 1.725 -13.125 24.257 2.073 -14.496 23.992 3.572 -14.65 20.588 2.208 -13.501
23.575 4.236 -13.576 23.324 5.67 -13.659 24.508 6.424 -13.064 22.041 5.792 -11.541
25.672 6.184 -13.655 26.909 6.818 -13.233 26.88 8.295 -13.604 30.044 6.057 -14.096
27.142 9.157 -12.625 27.146 10.6 -12.857 25.893 11.041 -13.605 29.618 10.921 -12.94
24.737 10.55 -13.172 23.486 10.927 -13.815 22.928 12.147 -13.088 21.204 10.074 -14.368
22.83 13.288 -13.793 22.313 14.523 -13.198 20.848 14.405 -12.79 22.696 14.594 -15.022
20.172 13.398 -13.333 18.768 13.176 -13.034 18.508 11.994 -12.094 18.29 12.466 -14.722
19.565 11.436 -11.505 19.409 10.313 -10.578 18.248 10.571 -9.631 21.193 9.798 -10.124
17.626 9.495 -9.169 16.507 9.607 -8.246 17.057 9.854 -6.841 15.683 8.327 -8.28
16.309 10.577 -6.013 16.761 10.845 -4.649 16.475 9.635 -3.762 16.425 13.298 -4.8
17.426 9.316 -2.889 17.3 8.163 -2.014 16.328 8.169 -0.845 17.878 7.372 -2.215
15.032 8.15 -1.124 14.04 8.096 -0.061 12.645 7.836 -0.617 13.083 11.823 -0.43
11.706 7.537 0.266 10.358 7.223 -0.165 9.603 8.418 -0.708 9.374 6.058 1.001
9.156 8.296 -1.957 8.393 9.347 -2.628 6.959 8.881 -2.839 11.063 10.535 -3.758
6.029 9.827 -2.852 4.625 9.506 -3.05 4.095 10.133 -4.344 3.768 9.36 -1.258
3.216 9.408 -5.035 2.614 9.884 -6.281 1.143 9.499 -6.394 5.797 9.375 -7.411
0.415 10.277 -7.173 -0.988 10.001 -7.4 -1.112 8.724 -8.231 -1.716 12.38 -7.361
-2.058 7.871 -7.849 -2.277 6.635 -8.582 -2.723 6.998 -9.99 -3.748 4.248 -5.913
-2.084 6.383 -10.98 -2.431 6.627 -12.372 -3.722 5.863 -12.676 -0.976 6.461 -13.658
