KGCVVIVGRIVLSGKPAIIPKK
CCEEEEECEEEECCCCCCCCCC
215.138 -11.806 63.667 214.794 -10.998 62.484 215.003 -9.491 62.7 212.073 -12.18 60.117
214.984 -8.738 61.605 215.152 -7.292 61.641 213.89 -6.572 62.101 216.014 -6.854 61.385
214.041 -5.313 62.481 212.923 -4.503 62.958 212.097 -3.888 61.854 213.638 -3.553 64.6
210.852 -3.562 62.186 209.988 -2.816 61.274 210.503 -1.389 61.444 208.05 -2.995 61.351
210.593 -0.636 60.36 211.138 0.727 60.444 210.182 1.786 59.903 213.039 0.973 59.911
210.072 2.903 60.617 209.262 4.042 60.152 210.067 4.75 59.042 208.282 5.206 62.014
209.528 4.785 57.827 210.223 5.431 56.701 209.503 6.712 56.254 210.255 3.908 55.458
208.385 7.018 56.912 207.602 8.204 56.6 206.41 8.333 57.529 207.845 8.833 55.862
205.582 9.337 57.293 204.387 9.513 58.111 203.29 10.218 57.366 206.648 12.703 59.821
202.063 10.011 57.828 200.906 10.659 57.255 200.239 11.462 58.371 199.808 9.212 55.786
200.047 12.745 58.118 199.476 13.652 59.112 198.049 14.037 58.738 200.641 15.062 59.748
197.115 13.756 59.64 195.704 14.05 59.41 195.232 15.291 60.139 194.592 11.633 59.135
196.005 15.718 61.134 195.635 16.854 61.969 195.921 18.241 61.393 196.951 16.608 63.32
196.57 18.308 60.24 196.844 19.588 59.622 195.55 20.191 59.078 197.761 19.984 59.579
195.486 21.514 59.06 194.322 22.239 58.565 194.797 23.13 57.415 192.576 21.136 60.53
193.86 23.623 56.579 194.272 24.495 55.47 195.132 25.633 55.968 192.44 24.074 55.54
196.193 25.92 55.234 197.123 26.955 55.63 197.655 27.699 54.426 198.299 26.336 56.422
197.959 28.972 54.628 198.547 29.785 53.581 200.014 29.398 53.587 197.776 32.042 53.739
200.552 29.017 52.434 201.951 28.612 52.373 202.859 29.806 52.614 202.233 27.013 50.606
203.691 29.738 53.666 204.577 30.872 53.957 205.488 31.173 52.774 204.626 29.432 55.182
205.685 32.456 52.5 206.551 32.871 51.407 207.968 33.024 51.935 204.861 35.076 49.501
208.853 32.125 51.512 210.245 32.142 51.956 210.987 33.391 51.472 210.772 28.371 51.831
