DIEGLVELLNRVQSSGAHDQRGLLRKEDLVLPEFLQ
CHHHHHHHHHHHHHCCCCCCCCCCCHHHHCCHHHHC
-3.401 19.473 25.766 -3.407 20.748 26.547 -2.02 21.367 26.499 -4.579 19.327 28.187
-1.178 20.843 25.613 0.203 21.298 25.488 0.925 20.777 26.722 0.4 23.565 24.727
0.194 20.698 27.83 0.736 20.172 29.072 0.648 18.664 28.888 1.319 20.368 31.604
-0.303 18.253 28.054 -0.48 16.846 27.758 0.594 16.443 26.767 -1.196 16.272 28.156
0.867 17.326 25.81 1.892 17.073 24.807 3.25 17.025 25.494 2.762 18.127 22.595
3.477 17.974 26.393 4.726 18.037 27.134 4.94 16.717 27.867 5.129 19.6 28.239
3.868 16.192 28.452 3.947 14.931 29.175 4.342 13.834 28.192 3.127 13.877 31.589
3.688 13.827 27.034 3.967 12.839 26.001 5.421 12.917 25.522 2.744 11.982 23.878
5.944 14.131 25.379 7.322 14.318 24.939 8.319 13.748 25.945 7.43 16.511 23.456
8.125 14.067 27.223 9.021 13.569 28.263 8.957 12.051 28.358 8.793 15.61 29.666
7.755 11.504 28.214 7.559 10.066 28.277 8.229 9.35 27.094 3.815 7.281 27.814
8.018 9.857 25.88 8.583 9.24 24.679 10.088 9.448 24.494 7.62 9.419 22.991
10.549 10.686 24.645 11.964 11.001 24.476 12.899 10.477 25.574 12.036 13.772 22.808
12.344 9.986 26.68 13.194 9.479 27.762 13.324 7.958 27.779 12.048 9.637 29.269
12.518 7.273 26.974 12.568 5.812 26.926 13.845 5.347 26.234 11.338 5.487 25.5
14.14 4.054 26.33 15.325 3.53 25.677 16.346 2.856 26.571 15.43 3.626 24.687
17.397 2.334 25.944 18.475 1.645 26.644 19.015 2.452 27.824 19.598 1.337 25.665
19.157 1.794 28.974 19.665 2.433 30.19 21.043 1.877 30.578 16.656 2.989 30.932
21.81 2.661 31.336 23.142 2.249 31.79 24.065 1.878 30.637 22.323 1.349 33.947
23.795 2.438 29.463 24.598 2.144 28.287 25.018 3.424 27.582 22.695 -0.381 27.117
25.302 4.475 28.341 25.66 5.719 27.686 26.905 6.491 28.128 23.049 7.768 25.489
27.184 6.582 29.418 28.354 7.361 29.791 29.617 6.565 30.023 28.295 8.355 29.88
30.502 7.114 30.848 31.73 6.418 31.189 31.287 5.379 32.199 33.685 8.162 31.066
32.085 4.336 32.366 31.744 3.275 33.295 31.515 3.831 34.7 32.584 0.823 33.194
30.465 3.357 35.364 30.161 3.809 36.716 29.867 2.626 37.637 30.422 6.281 39.313
30.221 2.766 38.913 30.027 1.702 39.899 28.629 1.094 39.871 28.907 4.075 41.868
27.665 1.859 39.379 26.289 1.393 39.305 26.082 0.389 38.174 24.889 4.376 39.774
26.806 0.57 37.074 26.685 -0.335 35.937 27.508 -1.596 36.166 26.67 1.666 34.475
28.275 -1.619 37.252 29.133 -2.76 37.547 28.578 -3.77 38.539 31.426 -1.635 37.128
27.395 -3.502 39.082 26.787 -4.431 40.029 26.741 -5.803 39.361 25.174 -3.813 40.906
26.959 -6.862 40.132 26.956 -8.21 39.571 25.56 -8.821 39.495 28.365 -10.405 39.955
25.121 -9.222 38.289 23.788 -9.818 38.166 23.637 -10.988 39.131 24.915 -10.011 36.688
22.487 -11.044 39.795 22.203 -12.08 40.78 22.511 -13.509 40.347 19.367 -12.621 42.498
22.133 -13.88 39.127 22.37 -15.244 38.662 23.851 -15.623 38.593 23.058 -14.653 35.355
24.734 -14.651 38.797 26.165 -14.924 38.748 26.8 -14.968 40.133 27.013 -14.01 36.447
25.992 -14.732 41.161 26.483 -14.759 42.533 26.556 -16.207 43.012 24.832 -12.993 43.682
