GSGTMENLSRRLKVTGDLFDIMSG
CCCHHHHHHHHHHHHCHHHHHHCC
-22.684 -17.602 1.887 -23.683 -16.5 1.869 -23.842 -15.852 3.231 -24.184 -16.229 1.047
-25.037 -15.332 3.501 -25.328 -14.685 4.779 -25.872 -15.695 5.787 -26.508 -13.252 5.212
-26.487 -16.761 5.274 -27.031 -17.799 6.138 -25.921 -18.539 6.866 -28.012 -17.976 6.219
-24.696 -18.377 6.373 -23.533 -19.006 6.978 -23.281 -18.345 8.338 -21.982 -19.263 5.842
-23.458 -17.029 8.391 -23.261 -16.273 9.616 -24.189 -16.691 10.756 -22.718 -13.45 8.133
-25.494 -16.729 10.5 -26.444 -17.12 11.536 -25.99 -18.446 12.096 -29.122 -17.124 9.516
-25.706 -19.361 11.182 -25.287 -20.705 11.531 -23.991 -20.745 12.344 -25.073 -22.946 10.522
-23.043 -19.864 12.008 -21.773 -19.797 12.726 -22.029 -19.237 14.138 -19.347 -18.847 12.208
-22.784 -18.148 14.241 -23.064 -17.571 15.551 -23.679 -18.606 16.471 -23.736 -15.863 15.068
-24.604 -19.39 15.927 -25.289 -20.403 16.703 -24.325 -21.448 17.197 -29.129 -21.972 15.38
-23.459 -21.929 16.321 -22.513 -22.947 16.74 -21.542 -22.395 17.769 -22.234 -25.21 12.675
-21.23 -21.104 17.678 -20.296 -20.512 18.631 -20.983 -20.318 19.976 -18.623 -18.998 17.251
-22.248 -19.911 19.935 -22.999 -19.672 21.162 -23.201 -20.96 21.981 -25.926 -17.635 21.102
-23.63 -22.031 21.341 -23.812 -23.286 22.057 -22.485 -23.798 22.617 -24.876 -24.698 21.252
-21.447 -23.762 21.793 -20.144 -24.232 22.217 -19.638 -23.454 23.414 -18.897 -24.549 20.822
-19.813 -22.138 23.378 -19.348 -21.329 24.485 -20.18 -21.629 25.703 -18.59 -20.68 24.42
-21.498 -21.545 25.532 -22.439 -21.785 26.609 -22.142 -23.093 27.311 -24.436 -20.418 26.054
-21.906 -24.167 26.556 -21.597 -25.459 27.171 -20.279 -25.376 27.94 -21.29 -27.925 26.573
-19.36 -24.605 27.374 -18.04 -24.394 27.937 -18.184 -23.617 29.242 -14.759 -23.711 27.359
-19.071 -22.636 29.256 -19.276 -21.848 30.466 -19.883 -22.705 31.566 -20.418 -19.817 31.297
-20.974 -23.376 31.234 -21.667 -24.24 32.174 -20.774 -25.335 32.754 -23.822 -24.785 31.468
-19.843 -25.849 31.965 -18.963 -26.899 32.444 -17.807 -26.433 33.297 -18.265 -29.129 30.574
-17.828 -25.17 33.699 -16.764 -24.612 34.525 -17.34 -24.06 35.83 -16.498 -22.959 33.626
-18.657 -24.181 35.982 -19.331 -23.696 37.175 -19.339 -24.695 38.322 -19.74 -22.784 37.203
