PRLSQYKSKYSSLEQSERRRRLLELQKSKRLDYVNHARR
CCHHHHHHHHHHHHHHHHHHHHHHHHHHHHHHHHHHCCC
4.486 17.611 15.57 5.613 17.283 16.449 6.954 17.487 15.752 4.262 15.986 16.315
7.005 17.189 14.458 8.017 17.764 13.579 7.412 18.813 12.653 10.072 13.883 13.165
6.529 19.642 13.202 5.949 20.749 12.452 7.033 21.65 11.87 4.036 22.448 12.714
8.132 21.794 12.604 9.232 22.654 12.177 9.995 22.081 10.986 10.495 22.254 13.526
9.667 20.851 10.614 10.312 20.224 9.475 9.373 20.305 8.273 11.911 17.555 10.736
8.098 20.589 8.515 7.17 20.693 7.401 7.502 21.909 6.552 3.861 21.186 5.666
7.884 21.658 5.304 8.299 22.725 4.401 9.471 23.511 4.979 5.263 23.376 2.437
10.284 22.842 5.79 11.502 23.442 6.321 12.069 24.48 5.358 12.472 21.81 6.174
12.173 25.719 5.826 12.993 26.724 5.159 14.315 26.93 5.889 10.206 29.051 4.681
14.717 28.189 6.031 15.92 28.53 6.781 15.966 30.02 7.102 19.652 28.841 7.303
16.289 30.341 8.35 16.33 31.728 8.798 17.558 31.993 9.662 14.967 32.78 9.611
18.431 32.874 9.186 19.434 33.499 10.041 18.781 34.276 11.179 19.975 34.987 8.984
17.454 34.229 11.235 16.723 34.635 12.43 15.494 33.758 12.647 16.794 36.514 11.021
15.62 32.781 13.539 14.841 32.764 14.772 15.726 33.017 15.987 14.795 30.233 13.521
15.28 32.544 17.146 16.063 32.654 18.371 17.534 32.342 18.116 13.677 32.298 19.896
17.803 31.129 17.643 18.974 30.379 18.079 20.001 30.259 16.958 18.306 28.598 18.042
19.561 30.513 15.73 20.465 30.556 14.586 21.394 31.763 14.662 20.991 29.413 12.406
20.875 32.871 15.181 21.638 34.112 15.255 22.511 34.149 16.505 18.245 36.993 15.78
22.176 33.309 17.479 23.094 32.994 18.567 24.269 32.156 18.073 19.558 32.639 21.575
23.96 31.032 17.435 24.988 30.131 16.93 25.954 30.904 16.042 23.729 26.15 15.78
25.419 31.794 15.212 26.262 32.581 14.321 27.087 33.622 15.072 24.238 32.711 10.073
26.473 34.323 16.023 27.2 35.339 16.782 28.328 34.709 17.597 26.67 37.385 18.272
28.051 33.557 18.203 29.053 32.855 18.998 30.179 32.308 18.129 27.932 31.911 21.142
29.818 31.737 16.983 30.801 31.181 16.056 31.746 32.286 15.592 30.26 29.616 13.124
31.208 33.494 15.457 31.978 34.649 15.022 32.915 35.146 16.123 31.464 36.974 13.921
32.391 35.286 17.334 33.208 35.746 18.446 34.346 34.769 18.712 30.72 36.744 20.455
34.089 33.482 18.516 35.123 32.482 18.752 36.223 32.498 17.689 33.526 29.553 20.606
35.85 32.756 16.44 36.826 32.813 15.36 37.694 34.038 15.606 35.877 33.613 13.923
37.042 35.134 15.992 37.701 36.403 16.291 38.731 36.144 17.389 35.977 38.611 14.961
38.268 35.509 18.464 39.117 35.156 19.594 40.364 34.431 19.089 36.842 33.657 22.676
40.151 33.296 18.42 41.238 32.471 17.883 42.278 33.231 17.057 41.515 30.218 16.577
41.831 34.158 16.214 42.771 34.924 15.405 43.517 35.905 16.296 41.61 34.823 13.227
42.818 36.422 17.3 43.411 37.37 18.233 44.525 36.68 19.023 43.385 39.965 20.934
44.308 35.406 19.332 45.262 34.604 20.076 46.446 34.141 19.226 44.626 33.173 21.239
46.182 33.653 18.014 47.259 33.163 17.148 48.309 34.193 16.755 46.109 31.202 16.121
47.922 35.459 16.675 48.891 36.49 16.335 49.755 36.73 17.573 49.051 39.631 16.726
49.356 36.109 18.681 50.066 36.248 19.946 50.911 35.029 20.322 49.072 36.552 21.062
50.901 33.987 19.495 51.688 32.791 19.796 52.972 32.761 18.98 48.01 29.968 20.221
52.811 32.912 17.673 53.93 32.907 16.746 54.313 34.351 16.456 51.611 30.554 15.07
