QCKVMCYAQRHSSPELLRRCLDNCEK
CCCCHHEECCCCCHHHHHHHHHHHCC
4.446 26.302 -2.625 4.111 26.641 -1.234 5.334 27.124 -0.464 3.157 23.506 -0.46
5.866 28.246 -0.927 7.13 28.734 -0.423 6.999 29.054 1.067 8.357 30.236 -1.028
5.975 29.825 1.433 5.888 30.244 2.842 5.578 29.057 3.736 5.006 33.915 2.697
4.709 28.186 3.254 4.401 26.96 3.989 5.718 26.199 4.287 2.973 25.768 3.385
6.609 26.044 3.295 7.804 25.216 3.548 8.777 25.964 4.459 8.194 23.029 2.101
8.755 27.29 4.434 9.593 28.047 5.387 9.212 27.704 6.821 9.656 29.918 4.486
7.907 27.618 7.09 7.446 27.199 8.429 7.634 25.684 8.704 5.463 30.285 9.391
7.721 24.875 7.646 7.888 23.421 7.818 9.303 23.114 8.35 7.684 22.66 6.5
10.283 23.946 8.003 11.669 23.712 8.439 11.727 23.705 9.968 13.268 25.81 6.327
12.511 22.771 10.514 12.552 22.633 11.956 13.719 23.307 12.69 9.726 18.956 12.428
14.181 24.438 12.166 15.085 25.266 12.955 14.316 26.212 13.892 14.795 27.709 11.033
15.002 26.854 14.833 14.337 27.821 15.723 15.018 29.184 15.636 14.99 27.154 17.414
15.492 29.597 14.454 16.07 30.953 14.321 15.036 31.901 13.722 17.44 31.51 13.12
14.609 32.934 14.486 13.663 33.854 13.846 14.269 34.475 12.595 13.946 34.062 15.721
15.575 34.754 12.622 16.214 35.422 11.48 16.148 34.542 10.245 17.417 36.8 13.6
16.373 33.243 10.398 16.316 32.37 9.218 14.875 32.275 8.717 18.274 30.709 9.462
13.925 32.227 9.655 12.511 32.095 9.227 12.068 33.344 8.483 10.151 31.546 10.27
12.363 34.513 9.05 11.955 35.804 8.431 12.663 35.991 7.088 11.259 37.586 12.526
13.911 35.517 6.997 14.653 35.614 5.7 13.94 34.739 4.649 17.613 37.27 4.975
13.575 33.523 5.058 12.908 32.571 4.158 11.565 33.193 3.661 12.31 30.611 4.391
10.787 33.742 4.593 9.463 34.262 4.247 9.593 35.472 3.345 8.043 33.692 6.362
10.532 36.362 3.657 10.746 37.507 2.769 11.179 37.106 1.393 11.28 39.274 4.388
12.048 36.09 1.304 12.568 35.69 0.001 11.49 35.075 -0.874 14.942 35.369 0.612
10.472 34.491 -0.244 9.316 33.971 -0.991 8.586 35.027 -1.794 8.59 32.567 0.32
8.687 36.291 -1.379 8.001 37.416 -2.052 8.828 38.001 -3.216 6.943 38.835 0.871
10.085 37.572 -3.325 11.045 38.185 -4.263 11.316 37.302 -5.463 13.03 39.427 -2.434
