NIMYDMISDLNERSEDFEKRIVTLETKLETLIGSIHALP
CCHHHHHHHHHHCCHHHHHHHHHHHHHHHHHHHHHHCCC
1.704 -7.583 -17.336 2.272 -8.955 -17.223 3.091 -9.258 -18.453 1.628 -11.367 -16.964
4.27 -9.824 -18.233 5.158 -10.195 -19.319 4.477 -11.179 -20.277 7.247 -10.141 -18.912
3.886 -12.232 -19.724 3.175 -13.235 -20.508 2.118 -12.563 -21.376 3.312 -15.85 -19.329
1.364 -11.641 -20.787 0.348 -10.945 -21.552 0.973 -10.118 -22.677 -2.528 -8.918 -22.391
2.105 -9.47 -22.391 2.798 -8.699 -23.413 3.052 -9.619 -24.609 4.049 -7.167 -21.923
3.511 -10.83 -24.31 3.795 -11.826 -25.318 2.523 -12.206 -26.074 6.01 -13.504 -23.582
1.48 -12.551 -25.329 0.211 -12.909 -25.942 -0.289 -11.795 -26.869 -1.258 -13.908 -24.341
-0.216 -10.548 -26.408 -0.672 -9.399 -27.192 0.156 -9.192 -28.456 0.053 -7.896 -26.31
1.455 -9.443 -28.362 2.324 -9.311 -29.523 1.814 -10.297 -30.58 4.664 -9.674 -30.246
1.697 -11.56 -30.181 1.221 -12.627 -31.052 -0.088 -12.283 -31.739 2.169 -14.781 -29.957
-0.993 -11.622 -31.026 -2.273 -11.234 -31.614 -2.085 -10.191 -32.706 -3.474 -11.489 -29.461
-1.169 -9.251 -32.474 -0.864 -8.191 -33.432 -0.182 -8.901 -34.612 0.744 -5.31 -32.722
0.728 -9.807 -34.269 1.448 -10.609 -35.243 0.392 -11.337 -36.066 4.645 -12.295 -33.635
-0.392 -12.168 -35.38 -1.452 -12.957 -35.995 -2.42 -12.155 -36.846 -1.784 -14.056 -34.503
-2.818 -10.982 -36.365 -3.75 -10.135 -37.109 -3.148 -9.751 -38.452 -6.014 -9.153 -36.517
-1.895 -9.314 -38.411 -1.161 -8.915 -39.6 -1.194 -10.021 -40.662 1.161 -8.507 -40.308
-1.083 -11.27 -40.21 -1.105 -12.446 -41.081 -2.426 -12.587 -41.82 1.416 -13.972 -39.347
-3.518 -12.506 -41.061 -4.861 -12.632 -41.601 -5.047 -11.724 -42.802 -6.313 -13.175 -38.697
-4.601 -10.475 -42.708 -4.722 -9.552 -43.839 -3.858 -10.041 -44.992 -4.434 -6.892 -41.647
-2.558 -10.134 -44.742 -1.627 -10.592 -45.751 -2.107 -11.847 -46.466 2.524 -10.352 -44.106
-2.717 -12.764 -45.713 -3.231 -14.02 -46.269 -4.422 -13.782 -47.192 -2.929 -15.622 -44.996
-5.342 -12.933 -46.754 -6.525 -12.628 -47.54 -6.084 -12.006 -48.853 -7.991 -11.751 -46.585
-5.216 -11.005 -48.755 -4.734 -10.332 -49.94 -4.148 -11.324 -50.938 -3.741 -8.714 -49.682
-3.176 -12.118 -50.493 -2.55 -13.109 -51.357 -3.591 -13.99 -52.035 -0.176 -13.765 -50.424
-4.489 -14.551 -51.239 -5.536 -15.414 -51.772 -6.341 -14.742 -52.891 -6.511 -16.724 -48.868
-6.676 -13.465 -52.708 -7.436 -12.718 -53.71 -6.636 -12.572 -54.99 -8.308 -11.104 -53.174
-5.419 -12.052 -54.874 -4.556 -11.888 -56.036 -4.511 -13.206 -56.801 -1.805 -9.802 -54.318
-4.155 -14.277 -56.095 -4.054 -15.602 -56.699 -5.287 -15.916 -57.536 -3.545 -18.088 -55.839
-6.394 -16.217 -56.868 -7.621 -16.555 -57.567 -7.893 -15.578 -58.703 -9.819 -15.616 -55.217
-7.655 -14.294 -58.448 -7.877 -13.257 -59.453 -7.024 -13.497 -60.698 -7.932 -11.422 -58.85
-5.709 -13.582 -60.518 -4.815 -13.833 -61.633 -5.278 -15.086 -62.361 -2.275 -14.342 -62.038
-5.762 -16.069 -61.611 -6.238 -17.303 -62.215 -7.505 -17.027 -63.01 -6.097 -19.165 -60.72
-8.351 -16.141 -62.489 -9.573 -15.786 -63.191 -9.23 -14.927 -64.403 -10.482 -16.079 -62.895
-8.204 -14.093 -64.251 -7.728 -13.199 -65.302 -7.028 -13.947 -66.438 -7.102 -11.755 -64.218
-6.82 -15.24 -66.232 -6.192 -16.099 -67.221 -7.284 -16.951 -67.856 -4.209 -17.103 -66.344
-7.928 -17.785 -67.046 -9.003 -18.628 -67.543 -9.963 -17.766 -68.35 -8.74 -21.011 -65.416
-10.713 -16.916 -67.657 -11.693 -16.036 -68.285 -11.378 -15.705 -69.74 -11.829 -14.747 -67.481
-10.769 -14.545 -69.956 -10.422 -14.107 -71.298 -8.933 -14.368 -71.519 -12.053 -11.982 -71.648
-8.478 -14.352 -72.788 -7.063 -14.599 -73.095 -6.077 -14.215 -71.977 -7.547 -13.688 -73.781
