EISLPSDFEHTIHVGFDAVTGEFT
CCCCCCCCCEEEEECCEECCEECC
-33.175 7.172 2.463 -32.509 7.382 3.778 -31.175 6.635 3.77 -34.738 5.559 5.493
-30.418 6.731 4.859 -29.133 6.033 4.963 -29.192 4.916 6.019 -27.358 7.64 4.852
-28.733 3.726 5.643 -28.828 2.566 6.53 -27.687 2.578 7.518 -28.054 1.163 5.529
-27.749 1.66 8.487 -26.618 1.359 9.346 -25.524 0.686 8.491 -27.696 0.884 11.682
-24.244 0.816 8.877 -23.178 0.212 8.091 -23.081 -1.295 8.243 -22.618 1.207 9.572
-22.452 -1.937 7.263 -22.205 -3.377 7.272 -20.838 -3.666 6.659 -23.221 -3.878 5.758
-20.443 -4.934 6.67 -19.256 -5.391 5.923 -17.952 -4.732 6.367 -20.654 -5.78 3.935
-17.785 -4.557 7.669 -16.541 -3.974 8.168 -15.338 -4.787 7.684 -14.259 -3.401 10.639
-14.306 -4.103 7.186 -13.008 -4.757 6.921 -11.891 -3.827 7.376 -11.639 -5.854 4.059
-10.867 -4.38 8.026 -9.684 -3.601 8.436 -8.679 -3.81 7.334 -7.587 -2.871 10.766
-8.643 -2.881 6.393 -7.943 -3.088 5.138 -6.443 -2.829 5.251 -8.962 -1.84 4.098
-6.04 -1.788 5.993 -4.618 -1.458 6.169 -4.365 -1.21 7.643 -3.894 0.092 4.45
-3.282 -1.8 8.139 -2.747 -1.453 9.449 -1.278 -1.146 9.341 -2.015 -2.022 12.422
-0.897 0.022 9.842 0.495 0.38 9.987 0.834 0.582 11.477 1.214 1.688 8.776
1.909 -0.062 11.917 2.367 0.035 13.289 3.718 0.712 13.308 1.848 -0.302 14.075
4.253 0.906 14.51 5.609 1.386 14.648 6.233 0.736 15.865 7.923 3.839 15.014
7.393 0.125 15.653 8.087 -0.616 16.691 9.26 0.256 17.11 9.25 -2.774 17.086
9.144 0.879 18.288 10.093 1.903 18.697 11.498 1.335 18.96 9.581 2.655 19.929
11.577 0.038 19.279 12.848 -0.66 19.538 13.629 -0.915 18.243 12.863 -2.235 20.744
12.925 -1.315 17.185 13.561 -1.516 15.873 13.569 -0.217 15.061 12.426 -2.934 15.267
12.807 0.777 15.511 12.612 2.013 14.746 11.907 1.854 13.395 12.931 2.887 15.113
11.181 0.748 13.201 10.499 0.479 11.915 8.965 0.381 11.998 12.617 -1.755 10.669
8.289 0.688 10.89 6.848 0.417 10.745 6.548 -1.083 10.559 6.396 3.669 9.766
5.484 -1.561 11.204 5.053 -2.951 11.134 3.781 -3.028 10.297 4.739 -3.497 12.547
