HPIIQIDRSFMLLILERSTRSILFLGKVVNPTEA
CCEEEECHHHHHHHHCCCCCEEEEEEEECCCCCC
-2.179 8.761 47.001 -1.42 8.874 45.729 -0.011 8.32 45.924 -3.342 11.266 45.07
0.512 7.589 44.916 1.849 7.02 45.037 2.89 8.118 45.214 0.987 6.82 43.369
3.899 7.836 46.033 5.029 8.733 46.226 6.154 8.225 45.347 5.308 9.185 48.567
6.776 9.126 44.58 7.992 8.806 43.835 9.058 9.789 44.29 7.561 8.308 41.521
10.102 9.265 44.932 11.166 10.103 45.464 12.462 9.737 44.756 10.766 10.084 48.751
12.974 10.667 43.963 14.192 10.429 43.187 15.321 10.827 44.135 13.819 10.708 41.126
15.638 9.91 45.049 16.58 10.19 46.125 17.683 9.132 46.209 15.216 9.141 47.904
17.898 8.455 45.083 18.984 7.495 44.929 19.261 7.343 43.43 16.14 4.156 45.272
20.257 6.531 43.065 20.706 6.453 41.67 19.552 6.202 40.709 22.328 5.505 41.836
19.571 6.924 39.592 18.552 6.766 38.581 19.106 6.98 37.186 17.962 10.192 38.696
18.386 6.435 36.197 18.678 6.753 34.787 17.769 7.862 34.299 19.178 3.846 33.683
18.282 8.615 33.335 17.552 9.721 32.774 17.671 9.74 31.255 17.503 12.384 33.119
16.516 9.894 30.581 16.483 10.107 29.128 15.753 11.414 28.855 15.938 7.568 28.491
16.291 12.196 27.919 15.561 13.36 27.411 15.226 13.072 25.95 16.638 15.347 28.181
13.935 13.104 25.609 13.485 12.7 24.284 12.748 13.829 23.596 12.876 10.163 24.784
12.96 13.946 22.285 12.199 14.877 21.477 11.037 14.064 20.9 11.975 16.012 18.815
9.828 14.622 20.961 8.635 13.825 20.655 8.387 13.561 19.176 5.812 14.557 24.04
8.587 14.565 18.322 8.144 14.425 16.918 8.922 13.328 16.197 8.881 15.923 15.976
10.191 13.16 16.567 11.049 12.165 15.917 11.318 10.96 16.803 12.608 13.273 15.653
10.908 11.047 18.071 11.177 10.026 19.101 12.676 9.795 19.339 7.317 7.525 18.293
13.464 10.854 19.19 14.912 10.784 19.378 15.333 10.966 20.815 15.522 11.74 17.888
16.265 10.119 21.25 16.937 10.322 22.526 18.027 11.387 22.307 17.393 8.254 23.66
17.799 12.54 22.921 18.716 13.659 22.808 19.84 13.509 23.823 17.007 15.554 22.155
19.48 13.096 25.043 20.469 12.893 26.109 20.144 11.645 26.9 21.107 16.226 25.961
21.189 10.97 27.401 21.024 9.768 28.19 22.037 9.777 29.296 20.975 7.138 27.75
21.594 9.377 30.488 22.55 9.346 31.583 22.119 8.547 32.779 23.423 9.829 31.519
23.026 8.499 33.739 22.774 7.898 35.039 23.37 8.868 36.048 24.377 4.929 36.287
22.539 9.22 37.023 22.964 10.105 38.093 23.141 9.273 39.347 22.02 11.806 38.287
24.409 9.157 39.765 24.812 8.429 40.97 25.054 9.434 42.09 26.177 7.019 40.794
25.778 10.502 41.763 26.084 11.56 42.74 25.805 12.917 42.121 27.866 12.493 44.21
24.642 13.49 42.418 24.253 14.744 41.778 25.095 15.96 42.2 23.042 14.023 43.033
26.017 15.786 43.155 26.861 16.884 43.652 28.318 16.698 43.244 26.518 16.71 45.568
28.569 15.692 42.406 29.914 15.448 41.896 30.406 16.641 41.082 31.296 12.727 40.904
31.588 17.123 41.444 32.253 18.2 40.726 32.85 17.682 39.414 33.22 18.634 40.047
