MHKINKWSVIYNINSTVTRALRDLMQGILQKI
CCCCCCCHHEEECCHHHHHHHHHHHHHHHHCC
19.228 42.248 10.397 20.1 41.044 10.316 21.53 41.421 9.874 17.785 38.986 9.256
21.721 42.707 9.766 22.948 43.317 9.31 23.979 43.428 10.429 21.953 46.149 10.213
23.554 43.326 11.675 24.511 43.38 12.781 24.877 41.908 13.034 24.776 46.288 13.623
26.094 41.501 12.699 26.512 40.093 12.867 26.963 39.796 14.296 27.239 39.415 11.06
26.519 38.67 14.839 26.919 38.332 16.2 28.4 37.901 16.197 24.719 37.454 16.904
29.07 38.075 17.334 30.428 37.534 17.502 30.258 35.988 17.408 31.747 39.99 20.097
31.277 35.288 16.912 31.191 33.833 16.761 29.836 33.361 16.22 34.447 32.755 17.956
29.367 34.029 15.176 28.052 33.693 14.635 27.968 32.275 14.143 27.958 34.522 12.892
29.076 31.691 13.675 28.966 30.316 13.188 28.45 29.313 14.246 30.532 29.258 12.666
28.692 29.576 15.53 28.219 28.667 16.598 27.145 29.317 17.49 30.372 28.409 17.774
26.518 30.367 16.973 25.474 31.052 17.724 24.379 29.974 17.919 22.934 33.88 18.055
23.897 29.787 19.128 22.871 28.74 19.288 23.415 27.308 19.314 20.95 29.906 18.164
24.727 27.097 19.209 25.231 25.717 19.261 25.496 25.572 20.781 26.359 24.938 17.626
25.215 24.412 21.372 25.375 24.342 22.826 26.823 24.244 23.289 24.925 21.916 23.092
27.023 24.426 24.585 28.363 24.473 25.17 29.151 23.186 25.054 27.842 24.504 27.01
28.471 22.058 25.011 29.173 20.781 24.895 29.834 20.686 23.524 28.242 19.156 25.444
29.088 21.074 22.507 29.589 21.039 21.138 30.658 22.122 20.934 28.26 20.83 19.681
30.424 23.329 21.424 31.442 24.361 21.238 32.708 24.039 22.021 30.414 25.84 21.861
32.568 23.368 23.168 33.75 22.985 23.933 34.577 21.993 23.132 33.032 22.472 27.598
33.932 21.013 22.458 34.681 20.047 21.626 35.381 20.814 20.476 33.738 18.987 21.043
34.665 21.767 19.88 35.27 22.584 18.828 36.494 23.367 19.393 34.404 24.221 16.914
36.363 23.935 20.587 37.492 24.68 21.165 38.677 23.755 21.428 36.245 26.542 24.441
38.381 22.537 21.856 39.435 21.554 22.128 40.263 21.32 20.825 39.631 19.368 23.241
39.564 21.139 19.683 40.219 20.95 18.385 40.998 22.23 17.978 38.564 19.248 17.183
40.424 23.417 18.195 41.137 24.65 17.815 42.442 24.783 18.577 38.73 26.598 17.887
42.356 24.596 19.889 43.54 24.677 20.729 44.562 23.612 20.359 43.258 26.606 22.569
44.117 22.422 19.975 45.074 21.391 19.569 45.908 21.843 18.332 45.146 20.521 20.057
45.282 22.6 17.428 45.977 23.102 16.248 46.954 24.22 16.653 44.423 23.325 14.401
46.497 25.193 17.455 47.34 26.293 17.891 48.53 25.782 18.764 45.694 28.328 18.149
48.311 24.784 19.628 49.397 24.299 20.5 50.475 23.558 19.755 48.704 24.973 22.815
50.205 23.181 18.508 51.201 22.477 17.706 52.117 23.42 16.923 49.059 19.738 16.68
51.9 24.72 17.092 52.75 25.724 16.44 53.876 25.939 17.503 51.899 27.378 16.272
