RQLLSGIVQQQNNLLRAIEAQQHLLQLTVWGIKQLQARI
CCHHHHHHHHHHHHHHHHHHHHHHHHHHHHHHHHHHHHC
45.157 26.806 -31.953 45.465 28.235 -31.869 46.884 28.552 -32.338 43.213 28.857 -28.08
47.088 29.76 -32.855 48.443 30.227 -33.105 49.333 29.737 -31.958 49.615 32.038 -34.733
50.573 29.38 -32.269 51.535 29.062 -31.235 51.835 30.351 -30.464 53.666 27.543 -31.216
51.782 31.477 -31.173 52.137 32.77 -30.59 51.073 33.246 -29.614 53.53 33.866 -32.496
49.825 33.016 -29.988 48.695 33.261 -29.117 48.893 32.52 -27.787 46.846 33.052 -29.51
49.265 31.245 -27.869 49.456 30.417 -26.686 50.598 30.866 -25.8 48.869 29.629 -26.503
51.746 31.104 -26.421 52.926 31.599 -25.73 52.629 32.904 -25.001 54.807 31.344 -27.093
52.17 33.914 -25.73 51.827 35.188 -25.117 50.778 35.059 -24.002 51.642 36.748 -26.255
49.709 34.296 -24.232 48.727 34.041 -23.165 49.359 33.277 -21.974 46.182 33.261 -22.138
50.445 32.557 -22.243 51.123 31.784 -21.2 51.994 32.73 -20.375 52.13 29.246 -20.432
52.566 33.731 -21.025 53.328 34.721 -20.289 52.424 35.449 -19.306 55.643 35.75 -22.391
51.196 35.719 -19.729 50.223 36.336 -18.833 49.911 35.462 -17.619 48.031 37.44 -18.77
49.729 34.162 -17.841 49.427 33.241 -16.744 50.533 33.21 -15.709 48.037 31.616 -18.023
51.779 33.227 -16.179 52.934 33.125 -15.286 53.054 34.399 -14.444 54.643 31.454 -16.452
52.943 35.552 -15.105 52.979 36.855 -14.436 51.956 36.907 -13.32 52.768 39.406 -15.144
50.729 36.495 -13.628 49.662 36.473 -12.635 50.048 35.542 -11.489 45.894 36.066 -13.548
50.672 34.416 -11.813 51.118 33.478 -10.794 52.134 34.164 -9.898 51.724 32.27 -11.427
53.066 34.873 -10.523 54.053 35.66 -9.782 53.398 36.678 -8.85 55.847 36.205 -11.188
52.501 37.49 -9.407 51.781 38.502 -8.642 51.066 37.874 -7.466 50.473 40.197 -11.205
50.396 36.756 -7.718 49.652 36.052 -6.688 50.615 35.56 -5.623 48.89 34.884 -7.289
51.765 35.054 -6.053 52.755 34.604 -5.079 53.311 35.781 -4.267 54.255 31.939 -6.508
53.495 36.937 -4.911 53.976 38.122 -4.197 53.036 38.513 -3.068 55.713 40.144 -4.094
51.732 38.535 -3.344 50.765 38.84 -2.298 50.952 37.853 -1.16 48.958 40.099 -4.602
51.129 36.577 -1.51 51.34 35.52 -0.523 52.616 35.758 0.32 50.811 32.954 -0.542
53.721 36.103 -0.341 54.965 36.464 0.348 54.811 37.678 1.267 57.298 35.852 -0.622
53.968 38.618 0.856 53.645 39.768 1.689 52.864 39.312 2.901 53.852 41.767 -0.434
51.997 38.322 2.703 51.204 37.775 3.797 52.109 37.124 4.824 48.814 37.23 2.972
53.102 36.357 4.368 54.066 35.738 5.295 55.023 36.75 5.95 54.849 34.444 4.093
55.383 37.787 5.211 56.24 38.823 5.76 55.524 39.446 6.96 57.156 40.127 4.571
54.213 39.63 6.844 53.455 40.305 7.895 53.298 39.442 9.151 50.144 41.254 9.604
53.034 38.151 8.955 52.904 37.221 10.063 54.179 37.121 10.887 52.056 36.72 10.234
55.304 36.968 10.195 56.612 36.948 10.838 56.817 38.221 11.643 58.303 36.108 9.359
56.38 39.348 11.103 56.504 40.611 11.822 55.643 40.634 13.075 57.23 43.023 8.959
54.411 40.145 12.973 53.539 40.03 14.132 54.142 39.084 15.161 51.319 41.32 13.577
54.719 37.99 14.677 55.373 37.044 15.562 56.605 37.69 16.194 54.819 34.678 14.578
57.412 38.365 15.382 58.599 39.045 15.887 58.239 40.089 16.921 60.434 39.536 13.161
57.001 40.563 16.883 56.526 41.542 17.853 56.186 40.912 19.208 55.328 42.307 17.302
55.715 39.664 19.194 55.368 38.944 20.419 56.569 38.256 21.065 51.679 39.306 19.412
57.474 37.73 20.248 58.711 37.176 20.781 59.63 38.285 21.282 59.701 35.383 19.554
