DVMVVGEPTLMGGEFGDEDERLITRLENTQFDA
CCEEECCCEEECCCCCCHHHHHHHHHHHCCCCC
5.099 -37.744 25.729 6.035 -36.641 25.993 6.496 -35.904 24.717 6.927 -37.665 28.108
6.27 -36.523 23.536 6.641 -36.007 22.21 5.958 -34.665 21.887 6.789 -37.304 20.721
6.754 -33.687 21.398 6.259 -32.373 20.999 6.465 -32.109 19.513 7.344 -30.878 23.498
5.697 -31.145 18.97 5.7 -30.763 17.554 6.232 -29.347 17.394 4.134 -31.299 16.444
7.152 -29.16 16.425 7.747 -27.869 16.075 6.648 -27.045 15.376 9.554 -27.788 15.256
6.465 -25.82 15.863 5.493 -24.879 15.34 6.153 -23.679 14.699 4.508 -25.035 15.411
5.429 -22.556 14.683 5.884 -21.311 14.08 6.801 -20.513 15.024 4.904 -20.69 11.682
7.881 -19.859 14.504 8.745 -19.039 15.378 8.028 -17.803 15.928 9.34 -19.308 13.6
8.397 -17.37 17.148 7.796 -16.2 17.808 8.816 -15.084 18.035 6.957 -17.104 19.322
8.332 -13.851 18.199 9.162 -12.67 18.438 9.509 -12.593 19.93 8.942 -10.134 17.567
10.806 -12.416 20.245 11.355 -12.334 21.608 10.554 -11.415 22.572 13.515 -12.811 23.081
10.178 -10.223 22.102 9.408 -9.263 22.888 7.995 -9.058 22.385 9.803 -8.799 23.681
7.324 -10.163 22.045 5.965 -10.185 21.504 4.894 -9.513 22.343 5.782 -10.627 20.626
5.062 -9.63 23.652 4.222 -8.977 24.647 4.392 -7.473 24.665 4.318 -9.261 27.977
5.615 -6.994 24.471 5.922 -5.559 24.589 5.393 -4.602 23.502 8.054 -3.91 26.667
5.291 -3.321 23.868 4.932 -2.238 22.959 3.516 -1.727 22.706 5.704 -1.82 22.48
2.517 -2.22 23.432 1.134 -1.759 23.234 0.864 -0.272 23.551 -0.438 -3.663 23.219
1.453 0.21 24.641 1.275 1.579 25.164 1.886 2.695 24.298 1.737 0.411 28.173
2.87 2.365 23.438 3.548 3.326 22.561 3.066 3.271 21.111 5.536 3.28 24.03
2.024 2.46 20.864 1.364 2.293 19.57 0.52 3.552 19.293 -0.345 -0.431 18.467
0.575 4.074 18.048 -0.171 5.264 17.626 -1.034 4.963 16.411 1.434 7.198 20.36
-2.24 5.552 16.368 -3.215 5.353 15.294 -2.853 6.045 13.99 -5.536 5.046 16.53
-3.16 5.38 12.855 -2.995 5.9 11.493 -4.413 6.071 10.921 -1.16 4.78 10.42
-4.86 7.333 10.764 -6.192 7.688 10.266 -6.16 7.877 8.752 -7.146 8.961 11.385
-7.029 7.145 8.043 -7.165 7.171 6.586 -8.109 8.319 6.205 -5.714 3.323 6.902
-7.582 9.333 5.483 -8.358 10.517 5.106 -8.504 10.747 3.599 -7.976 12.058 7.24
-9.503 11.566 3.212 -9.81 11.926 1.826 -9.814 13.448 1.672 -12.378 10.924 -0.129
-9.122 13.955 0.633 -9.004 15.384 0.334 -10.297 15.948 -0.264 -7.227 16.977 -0.562
-10.838 17.002 0.383 -12.055 17.726 0.001 -11.845 18.45 -1.337 -13.033 18.732 1.363
-10.817 19.323 -1.41 -10.466 20.065 -2.617 -9.528 19.195 -3.475 -10.649 22.851 -3.394
-10.1 18.527 -4.5 -9.36 17.67 -5.428 -9.972 17.671 -6.829 -7.766 14.78 -6.337
-9.113 17.865 -7.848 -9.445 17.898 -9.277 -8.19 17.639 -10.12 -9.228 20.403 -9.566
-8.373 17.166 -11.362 -7.265 16.905 -12.28 -7.366 17.806 -13.51 -7.254 15.442 -12.69
