HPIIQIDRSFMLLILERSTRSILFLGKVVNPTEA
CCEEEECHHHHHHHHCCCCCEEEEEEEECCCCCC
2.183 -9.017 47.711 1.558 -8.844 46.369 0.18 -8.218 46.523 3.324 -11.316 45.551
-0.27 -7.453 45.512 -1.594 -6.846 45.585 -2.702 -7.887 45.693 -0.68 -6.648 43.954
-3.734 -7.558 46.46 -4.913 -8.399 46.598 -6.018 -7.849 45.711 -5.252 -8.873 48.903
-6.625 -8.724 44.915 -7.856 -8.384 44.21 -8.929 -9.349 44.706 -7.448 -7.882 41.898
-9.948 -8.794 45.359 -11.045 -9.577 45.916 -12.324 -9.231 45.185 -10.748 -9.567 49.232
-12.815 -10.153 44.366 -14.047 -9.927 43.613 -15.217 -10.326 44.516 -13.688 -10.116 41.628
-15.558 -9.423 45.433 -16.543 -9.674 46.488 -17.631 -8.598 46.529 -15.175 -8.574 48.275
-17.809 -7.911 45.407 -18.914 -6.989 45.213 -19.18 -6.884 43.718 -16.088 -3.732 45.546
-20.194 -6.114 43.346 -20.645 -6.042 41.952 -19.507 -5.818 40.971 -22.264 -5.065 42.104
-19.517 -6.581 39.884 -18.479 -6.47 38.87 -19.073 -6.698 37.495 -17.951 -9.855 39.077
-18.434 -6.132 36.477 -18.738 -6.467 35.086 -17.804 -7.571 34.605 -19.535 -3.981 33.34
-18.295 -8.343 33.645 -17.573 -9.469 33.088 -17.674 -9.445 31.578 -17.635 -12.11 33.4
-16.55 -9.675 30.907 -16.513 -9.827 29.454 -15.807 -11.122 29.119 -15.902 -7.237 29.002
-16.333 -11.877 28.161 -15.632 -13.034 27.612 -15.321 -12.702 26.166 -16.647 -15.061 28.341
-14.029 -12.688 25.847 -13.535 -12.213 24.554 -12.831 -13.34 23.796 -12.886 -9.79 25.394
-13.008 -13.376 22.478 -12.252 -14.27 21.604 -11.165 -13.431 20.939 -12.063 -15.468 19.045
-9.937 -13.934 20.955 -8.775 -13.136 20.545 -8.662 -12.868 19.048 -5.908 -13.794 23.755
-8.785 -13.915 18.241 -8.464 -13.803 16.815 -9.398 -12.858 16.055 -9.094 -15.44 16.066
-10.639 -12.733 16.517 -11.615 -11.843 15.894 -11.883 -10.589 16.728 -13.078 -13.092 15.858
-11.339 -10.558 17.947 -11.603 -9.496 18.93 -13.098 -9.314 19.22 -7.921 -7.835 17.593
-13.803 -10.432 19.306 -15.243 -10.422 19.527 -15.58 -10.532 21.003 -15.846 -11.529 18.116
-16.551 -9.746 21.45 -17.133 -9.931 22.772 -18.19 -11.027 22.626 -17.584 -7.824 23.823
-17.867 -12.209 23.125 -18.784 -13.347 23.081 -19.913 -13.212 24.096 -17.118 -15.234 22.382
-19.579 -12.76 25.302 -20.544 -12.576 26.383 -20.168 -11.322 27.167 -21.193 -15.898 26.19
-21.171 -10.652 27.729 -21.014 -9.417 28.483 -22.043 -9.45 29.588 -20.978 -6.834 27.973
-21.645 -9.053 30.786 -22.598 -8.989 31.865 -22.147 -8.192 33.061 -23.482 -9.451 31.791
-23.054 -8.109 34.018 -22.787 -7.538 35.325 -23.335 -8.507 36.346 -24.37 -4.545 36.531
-22.504 -8.842 37.319 -22.904 -9.721 38.405 -23.121 -8.862 39.637 -21.906 -11.367 38.655
-24.39 -8.701 40.004 -24.803 -7.969 41.202 -25.034 -8.94 42.361 -26.182 -6.592 41.001
-25.726 -10.041 42.082 -25.98 -11.086 43.071 -25.69 -12.453 42.438 -27.728 -11.99 44.599
-24.538 -13.057 42.774 -24.147 -14.311 42.135 -24.964 -15.534 42.54 -22.92 -13.587 43.361
-25.826 -15.397 43.547 -26.639 -16.508 44.054 -28.108 -16.411 43.641 -26.332 -16.214 45.959
-28.445 -15.458 42.773 -29.846 -15.25 42.409 -30.366 -16.351 41.492 -31.359 -12.458 41.554
-31.614 -16.76 41.711 -32.291 -17.685 40.807 -32.694 -16.931 39.545 -32.912 -17.79 39.951
