SHMFFEIFGTGEEYRYVLES
CCCEEEEECCCHHEEEECCC
-27.906 35.566 -8.197 -27.079 34.686 -7.317 -25.633 35.186 -7.122 -26.596 32.862 -7.522
-25.174 35.216 -5.872 -23.812 35.672 -5.512 -22.677 34.842 -6.147 -21.962 36.873 -3.206
-21.574 35.533 -6.446 -20.394 34.947 -7.063 -19.826 33.786 -6.242 -18.628 35.736 -8.814
-19.839 33.945 -4.921 -19.385 32.889 -4.024 -20.159 31.594 -4.228 -18.194 31.781 -1.025
-21.484 31.696 -4.386 -22.313 30.529 -4.66 -22.049 29.975 -6.059 -24.409 31.42 -2.106
-21.751 30.835 -7.027 -21.481 30.321 -8.384 -20.22 29.462 -8.371 -22.305 32.771 -10.532
-19.252 29.879 -7.558 -17.917 29.236 -7.501 -17.84 28.027 -6.571 -16.181 30.875 -7.462
-18.367 28.167 -5.357 -18.204 27.136 -4.324 -19.493 26.366 -4.073 -15.327 28.661 -3.248
-20.566 26.758 -4.745 -21.897 26.143 -4.557 -22.469 26.408 -3.167 -22.351 25.617 -5.276
-23.204 25.436 -2.644 -23.744 25.535 -1.285 -22.805 24.875 -0.283 -25.352 24.56 -1.607
-21.768 24.217 -0.798 -20.863 23.46 0.05 -21.418 22.117 0.502 -19.963 23.821 0.294
-22.512 21.663 -0.11 -23.068 20.355 0.189 -22.963 19.377 -0.991 -24.29 20.681 2.571
-22.483 19.851 -2.143 -22.411 19.029 -3.375 -21.857 17.601 -3.18 -22.3 21.622 -4.503
-20.858 17.442 -2.309 -20.175 16.136 -2.173 -20.373 15.479 -0.809 -18.198 17.248 -5.188
-21.302 16.025 -0.025 -21.589 15.551 1.321 -22.073 14.095 1.278 -21.937 17.444 4.394
-22.558 13.648 0.119 -23.02 12.265 -0.015 -21.849 11.264 0.134 -22.019 11.94 -3.565
-20.613 11.726 -0.057 -19.428 10.888 0.121 -19.245 10.497 1.593 -17.733 11.383 -0.75
-19.577 11.427 2.49 -19.432 11.221 3.919 -20.533 10.273 4.403 -18.42 13.546 4.616
-21.777 10.593 4.033 -22.956 9.777 4.326 -22.861 8.338 3.802 -25.209 12.247 4.241
-21.962 8.11 2.847 -21.706 6.776 2.324 -21.047 5.878 3.378 -20.676 6.216 0.85
