QECEPGQTKKQDCNTCRCGSDGVWACTRMGCPPHA
CCCCCCCCCCCCCCCCCCCCCCEEEECCCCCCCCC
24.624 -2.669 10.103 25.029 -2.465 11.498 26.337 -1.68 11.376 26.135 -5.486 12.2
26.478 -0.785 12.332 27.67 0.027 12.39 28.622 -0.667 13.327 26.974 2.648 14.366
28.059 -1.701 14.004 29.022 -2.423 14.799 28.422 -3.814 15.017 28.6 -1.404 16.582
29.342 -4.66 15.463 28.961 -6.016 15.741 28.586 -6.055 17.225 28.917 -8.711 15.027
27.449 -6.549 17.511 27.057 -6.637 18.934 28.096 -7.182 19.876 25.827 -7.303 17.693
28.314 -6.465 20.993 29.217 -6.813 22.078 30.596 -6.18 21.966 28.923 -7.419 22.817
30.906 -5.63 20.788 32.187 -4.966 20.664 32.234 -3.694 21.5 32.946 -5.152 17.489
33.453 -3.218 21.706 33.706 -1.974 22.406 34.645 -1.119 21.589 34.362 -2.761 24.034
34.565 0.201 21.861 35.549 1.092 21.297 35.589 2.326 22.18 33.771 3.023 18.44
36.537 3.222 21.913 36.551 4.561 22.46 36.243 5.568 21.347 38.944 4.886 24.989
35.504 6.58 21.73 35.47 7.794 20.902 36.069 8.861 21.778 32.854 7.769 18.97
37.264 9.175 21.385 38.095 10.086 22.214 38.221 9.417 23.552 38.602 12.472 22.64
37.814 10.081 24.623 37.948 9.522 25.94 36.712 8.795 26.461 37.692 11.194 27.18
35.621 8.755 25.686 34.437 8.019 26.132 34.467 6.585 25.657 32.878 9.888 26.299
34.054 5.731 26.546 33.856 4.326 26.204 32.495 4.117 25.566 34.117 3.65 27.951
32.468 3.18 24.622 31.307 2.848 23.822 31.136 1.308 23.828 31.64 4.229 22.305
29.901 0.871 23.734 29.537 -0.53 23.627 28.546 -0.692 22.473 28.884 -0.98 24.902
28.677 -1.769 21.733 27.837 -2.039 20.605 26.615 -2.82 21.082 28.036 -2.864 18.746
25.423 -2.264 20.929 24.299 -3.025 21.394 23.924 -4.145 20.414 23.85 -2.81 22.261
22.94 -4.934 20.811 22.439 -6.04 19.982 21.709 -5.547 18.745 21.038 -6.736 21.042
21.354 -4.265 18.706 20.797 -3.598 17.565 21.907 -3.214 16.588 20.656 -1.395 18.75
23.194 -3.458 16.915 24.228 -3.056 15.969 24.507 -1.582 15.952 24.698 -3.723 15.391
24.181 -0.899 17.077 24.367 0.547 17.2 25.3 0.824 18.408 22.745 1.667 17.017
26.229 1.748 18.226 27.095 2.144 19.321 26.305 2.991 20.325 30.514 1.107 18.347
26.677 2.869 21.564 26.249 3.802 22.614 27.48 4.142 23.445 25.187 3.259 23.487
27.624 5.374 23.809 28.815 5.901 24.487 28.397 6.735 25.71 29.865 6.406 22.738
29.328 6.816 26.645 29.205 7.749 27.734 29.37 9.16 27.229 30.59 7.003 28.878
29.02 10.143 28.091 28.845 11.511 27.728 29.803 12.507 28.442 24.497 11.343 26.084
31.048 12.093 28.692 32.019 13.017 29.282 32.707 13.891 28.277 33.946 10.838 30.515
33.265 14.978 28.788 34.265 15.786 28.037 35.621 15.241 28.157 34.049 16.607 27.508
36.507 15.627 27.219 37.8 15.013 27.059 38.924 16.043 26.974 37.189 13.492 25.78
40.162 15.619 27.181 41.265 16.599 27.07 41.29 17.239 25.724 41.733 14.865 27.654
41.721 18.501 25.646 41.917 19.095 24.348 42.837 18.306 23.422 42.174 20.221 25.837
42.602 18.392 22.113 43.502 17.719 21.155 44.824 18.484 21.051 42.854 17.518 19.801
45.861 17.824 20.525 47.17 18.473 20.294 46.925 19.613 19.29 47.93 19.019 19.64
