SEDEEEEEEALEAMQSRLATLRS
CCHHHHHHHHHHHHHHHHHHHHC
-8.69 27.83 253.478 -7.497 28.498 254.077 -7.115 29.788 253.337 -5.782 27.775 254.519
-6.178 30.531 253.927 -5.549 31.682 253.282 -4.754 31.176 252.076 -4.92 31.818 256.155
-4.056 30.055 252.286 -3.333 29.318 251.241 -4.228 28.981 250.051 -1.333 28.112 252.143
-5.437 28.494 250.34 -6.361 28.033 249.305 -6.898 29.182 248.452 -7.365 25.446 248.908
-7.192 30.311 249.094 -7.646 31.507 248.385 -6.585 32.062 247.441 -9.974 32.434 248.766
-5.332 31.992 247.877 -4.193 32.442 247.084 -4.012 31.57 245.836 -1.136 33.26 248.161
-4.11 30.255 246.025 -3.912 29.276 244.957 -4.995 29.361 243.906 -3.037 26.815 246.942
-6.233 29.53 244.357 -7.364 29.6 243.444 -7.343 30.889 242.638 -9.274 27.89 243.082
-6.91 31.979 243.265 -6.795 33.251 242.561 -5.682 33.236 241.515 -7.577 35.299 245.046
-4.57 32.584 241.834 -3.532 32.337 240.84 -4.083 31.531 239.642 -2.362 31.62 241.465
-4.863 30.483 239.936 -5.435 29.628 238.89 -6.36 30.417 237.973 -5.424 27.106 239.838
-7.145 31.337 238.544 -7.986 32.229 237.741 -7.165 33.223 236.896 -10.384 32.636 240.073
-6.083 33.762 237.457 -5.16 34.653 236.71 -4.566 33.999 235.471 -4.017 35.139 237.623
-4.34 32.691 235.562 -3.72 31.936 234.485 -4.68 31.607 233.347 -1.935 30.075 236.334
-5.981 31.818 233.556 -6.971 31.658 232.475 -6.672 32.529 231.251 -9.821 31.272 234.205
-6.391 33.814 231.462 -6.011 34.697 230.353 -4.676 34.276 229.732 -5.446 36.21 231.336
-3.748 33.801 230.563 -2.451 33.36 230.088 -2.612 32.132 229.166 1.757 32.785 232.047
-3.525 31.228 229.506 -3.864 30.089 228.631 -4.538 30.534 227.308 -5.039 27.741 228.85
-5.499 31.461 227.392 -6.098 32.035 226.169 -5.0 32.522 225.231 -7.064 33.179 226.523
-4.044 33.275 225.776 -2.924 33.82 225.007 -2.026 32.719 224.443 -1.982 35.345 225.695
-1.714 31.727 225.278 -0.959 30.552 224.8 -1.621 29.858 223.589 0.25 28.443 225.892
-2.945 29.762 223.58 -3.715 29.092 222.511 -3.935 29.979 221.271 -6.631 26.547 225.222
-3.511 31.239 221.36 -3.736 32.203 220.276 -2.819 31.987 219.066 -3.053 33.385 219.962
