KYRKKHKSEFQLLVDQARKGY
CCCHHHHHHHHHHHHHHHCCC
30.078 26.04 20.291 30.005 24.568 20.078 30.676 24.185 18.755 26.942 22.819 20.578
30.004 24.436 17.633 30.568 24.121 16.32 31.644 25.14 15.944 30.441 23.22 12.646
31.316 26.425 16.069 32.259 27.505 15.745 33.54 27.406 16.568 29.178 30.316 16.277
33.392 27.098 17.855 34.529 26.994 18.765 35.441 25.815 18.408 34.882 27.289 22.56
34.845 24.656 18.128 35.618 23.46 17.772 36.377 23.625 16.45 35.047 19.722 17.34
35.848 24.452 15.551 36.476 24.69 14.253 37.107 26.089 14.174 34.474 22.497 13.182
37.639 26.563 15.301 38.184 27.919 15.405 39.28 28.167 14.374 39.665 30.039 18.232
40.246 27.258 14.322 41.355 27.361 13.379 40.855 27.392 11.937 42.916 26.292 13.192
39.901 26.52 11.622 39.375 26.432 10.26 38.66 27.72 9.835 38.43 23.232 9.884
37.863 28.294 10.735 37.151 29.538 10.432 38.083 30.745 10.301 33.88 28.671 10.92
39.155 30.785 11.091 40.112 31.892 11.009 40.853 31.911 9.664 41.316 33.828 12.35
41.194 30.732 9.143 41.755 30.624 7.792 40.784 31.198 6.754 43.314 28.484 7.875
39.494 30.91 6.932 38.443 31.392 6.025 38.195 32.895 6.163 36.873 29.298 5.667
38.262 33.406 7.386 38.137 34.845 7.617 39.268 35.609 6.905 37.757 35.519 9.409
40.498 35.112 7.037 41.659 35.716 6.375 41.504 35.716 4.842 43.308 35.11 8.161
40.992 34.618 4.281 40.788 34.523 2.834 39.723 35.514 2.357 41.033 33.414 0.569
38.661 35.672 3.142 37.562 36.575 2.79 37.932 38.053 2.966 36.328 36.239 3.613
38.893 38.331 3.848 39.349 39.701 4.108 40.107 40.325 2.932 40.58 40.327 7.699
40.831 39.504 2.174 41.626 39.994 1.045 40.796 40.863 0.098 44.139 37.836 -0.292
41.313 42.046 -0.224 40.658 42.955 -1.165 39.422 43.668 -0.639 41.023 43.078 -2.088
39.13 43.514 0.653 37.96 44.147 1.263 38.238 45.618 1.554 35.157 44.447 3.799
