SLYKIKPRHDSGIKAKISMKT
CCCCCCCCCCCCCCCEEEECC
29.954 40.194 24.884 30.498 41.549 24.58 29.408 42.436 23.98 32.106 40.896 23.791
29.034 43.488 24.714 27.969 44.414 24.296 28.501 45.679 23.619 27.126 45.586 26.688
29.474 46.313 24.271 30.024 47.605 23.865 28.997 48.689 23.478 33.752 47.009 24.007
28.683 48.82 22.187 27.923 49.978 21.7 26.41 49.904 21.92 28.407 52.352 18.754
25.907 50.873 22.681 24.485 50.98 22.992 23.924 52.362 22.656 24.471 50.86 25.314
22.647 52.39 22.293 21.928 53.623 21.998 20.72 53.721 22.931 20.292 52.131 18.869
20.08 54.904 23.007 18.799 54.953 23.714 17.734 54.122 22.993 19.59 56.612 23.319
16.909 53.417 23.77 15.866 52.535 23.238 14.815 53.31 22.458 12.735 49.524 25.119
14.712 53.024 21.162 13.707 53.678 20.337 12.353 53.011 20.517 13.231 55.458 17.804
11.302 53.817 20.414 9.937 53.399 20.734 9.348 52.375 19.763 9.274 55.583 19.774
9.866 52.349 18.538 9.369 51.434 17.51 10.427 50.43 17.02 9.285 52.65 16.041
11.597 50.425 17.664 12.728 49.61 17.211 12.617 48.146 17.596 13.489 50.007 16.698
13.651 47.374 17.28 13.591 45.928 17.492 13.423 45.509 18.963 15.16 44.327 16.687
14.09 46.203 19.889 13.941 45.871 21.303 12.485 46.088 21.727 15.734 46.552 24.599
11.915 47.216 21.31 10.507 47.539 21.582 9.571 46.422 21.11 10.135 48.879 20.937
9.737 46.012 19.858 8.899 44.957 19.274 9.071 43.579 19.919 9.601 45.935 15.872
10.317 43.181 20.178 10.573 41.891 20.822 10.072 41.795 22.283 12.606 40.915 20.048
10.116 42.906 23.02 9.66 42.938 24.414 8.166 42.601 24.531 9.798 44.842 24.687
7.391 42.977 23.52 5.95 42.715 23.515 5.538 41.304 23.093 4.936 45.316 22.25
6.499 40.496 22.653 6.251 39.072 22.415 6.726 38.299 23.638 6.683 38.795 18.83
7.119 39.06 24.663 7.926 38.626 25.815 9.247 38.008 25.369 7.089 37.872 27.403
