VQKVTITKEGKKRVAPQLLTT
CCEEEECCCCCEEECCCCCCC
64.135 17.301 42.836 64.555 16.994 44.236 64.192 18.242 45.066 66.457 16.974 44.714
63.256 18.044 46.0 62.818 19.12 46.868 62.561 18.598 48.259 60.445 20.468 44.942
62.964 19.394 49.241 62.604 19.115 50.61 61.091 19.388 50.794 63.229 20.604 54.088
60.326 18.292 50.899 58.92 18.283 51.267 58.707 17.978 52.758 57.766 17.319 50.078
57.81 18.721 53.406 57.49 18.526 54.837 55.986 18.691 55.085 58.707 19.874 55.55
55.53 18.466 56.311 54.098 18.534 56.533 53.874 19.274 57.781 53.036 16.522 55.966
53.066 20.338 57.728 52.741 21.09 58.923 51.889 20.235 59.846 51.823 22.617 58.113
51.889 20.644 61.109 51.039 20.095 62.178 49.566 20.037 61.77 53.092 21.446 65.009
49.137 20.984 60.937 47.763 21.078 60.509 47.493 20.106 59.378 48.294 23.961 61.265
48.551 19.499 58.831 48.468 18.482 57.762 48.749 19.013 56.361 48.244 17.529 57.966
49.13 20.268 56.262 49.449 20.787 54.951 50.901 20.376 54.527 47.09 22.485 53.718
51.033 19.776 53.354 52.343 19.605 52.715 52.943 20.923 52.324 50.696 17.821 49.88
54.26 20.959 52.407 55.012 22.183 52.333 56.332 21.887 51.672 57.049 25.28 55.271
56.699 22.701 50.696 57.985 22.562 50.024 58.869 23.814 50.244 57.949 21.925 48.239
60.174 23.629 50.261 61.138 24.732 50.261 61.536 24.974 48.821 62.403 24.384 51.129
61.331 26.209 48.338 61.691 26.585 46.951 63.191 26.823 46.779 60.931 27.93 47.992
63.695 26.569 45.583 65.078 26.83 45.228 65.165 28.302 44.921 67.19 25.707 42.77
65.955 29.009 45.694 66.322 30.365 45.409 67.305 30.336 44.243 67.395 32.304 46.659
66.916 30.842 43.085 67.804 30.746 41.931 68.851 31.885 41.973 66.29 29.708 40.031
68.352 33.099 42.027 69.181 34.25 42.164 68.451 35.289 43.057 69.129 34.603 40.214
69.204 36.18 43.703 68.599 37.352 44.358 69.198 38.58 43.7 68.436 37.532 46.367
