MDAIKKKMQMLKLDKENALDRAEQLENEVARLKKLV
CHHHHHHHHHHHCCHHHHHHHHHHHHHHHHHHHHHC
5.239 -22.184 -23.467 4.267 -22.529 -24.545 4.056 -21.346 -25.502 2.042 -24.557 -23.914
5.038 -20.445 -25.538 5.05 -19.317 -26.474 5.742 -19.708 -27.773 5.103 -17.606 -24.687
6.72 -20.604 -27.654 7.458 -21.133 -28.797 6.851 -22.445 -29.311 8.932 -21.316 -28.438
5.603 -22.71 -28.921 4.847 -23.857 -29.432 3.66 -23.385 -30.277 4.672 -25.497 -27.656
2.983 -22.33 -29.817 1.829 -21.759 -30.524 2.222 -21.092 -31.844 0.91 -19.06 -28.222
3.413 -20.494 -31.866 3.902 -19.745 -33.024 4.634 -20.644 -34.031 5.577 -16.294 -33.323
5.086 -21.812 -33.575 5.672 -22.81 -34.471 4.581 -23.667 -35.125 8.603 -23.339 -35.385
3.392 -23.671 -34.522 2.195 -24.253 -35.135 1.698 -23.37 -36.279 0.028 -25.396 -33.154
1.861 -22.059 -36.107 1.454 -21.063 -37.097 2.406 -20.996 -38.3 0.401 -18.688 -34.988
3.578 -21.618 -38.169 4.508 -21.775 -39.289 4.159 -22.992 -40.141 6.246 -20.101 -39.454
3.72 -24.067 -39.487 3.239 -25.263 -40.183 1.87 -25.02 -40.83 4.32 -27.229 -38.713
1.075 -24.132 -40.222 -0.219 -23.703 -40.766 -0.044 -22.815 -41.996 -2.259 -22.581 -37.98
0.864 -21.839 -41.911 1.149 -20.928 -43.033 1.851 -21.643 -44.194 1.975 -18.374 -43.21
2.664 -22.651 -43.871 3.256 -23.534 -44.883 2.187 -24.44 -45.513 5.581 -23.596 -43.98
1.246 -24.901 -44.683 0.089 -25.69 -45.128 -0.838 -24.925 -46.071 -1.452 -28.563 -43.726
-0.942 -23.604 -45.882 -1.782 -22.734 -46.721 -1.388 -22.882 -48.189 -2.406 -19.412 -46.578
-0.307 -23.63 -48.41 0.116 -24.055 -49.739 -0.058 -25.557 -49.958 1.756 -22.216 -49.953
0.162 -26.352 -48.911 0.126 -27.822 -48.991 -1.06 -28.432 -49.776 0.228 -28.419 -47.601
-2.264 -28.423 -49.2 -3.46 -28.861 -49.941 -3.872 -27.838 -51.007 -5.169 -30.527 -48.688
-3.435 -26.587 -50.83 -3.601 -25.539 -51.845 -2.893 -25.904 -53.154 -2.715 -23.247 -52.35
-1.582 -26.158 -53.072 -0.755 -26.464 -54.246 -1.272 -27.684 -54.976 3.361 -25.257 -54.235
-1.717 -28.688 -54.221 -2.429 -29.841 -54.779 -3.531 -29.411 -55.757 -3.016 -30.696 -53.667
-4.432 -28.538 -55.305 -5.556 -28.081 -56.13 -5.149 -27.228 -57.34 -8.486 -26.696 -55.266
-4.381 -26.162 -57.102 -3.984 -25.214 -58.155 -3.172 -25.87 -59.285 -1.385 -23.642 -56.88
-2.408 -26.901 -58.949 -1.692 -27.647 -59.968 -2.581 -28.719 -60.608 0.86 -27.496 -59.167
-3.637 -29.151 -59.907 -4.693 -29.954 -60.542 -5.363 -29.065 -61.588 -5.469 -32.343 -59.01
-5.333 -27.756 -61.319 -5.961 -26.749 -62.165 -5.135 -26.436 -63.404 -7.336 -25.549 -60.46
-3.821 -26.34 -63.234 -2.937 -25.958 -64.347 -2.728 -27.113 -65.323 -0.244 -24.709 -65.067
-2.776 -28.316 -64.768 -2.814 -29.553 -65.518 -4.06 -29.569 -66.42 -2.489 -31.234 -64.562
-5.211 -29.17 -65.867 -6.469 -29.059 -66.616 -6.367 -28.073 -67.792 -7.619 -28.646 -65.673
-5.66 -26.971 -67.566 -5.384 -25.964 -68.577 -4.559 -26.587 -69.708 -4.574 -21.368 -68.132
-3.452 -27.229 -69.347 -2.548 -27.871 -70.302 -3.176 -29.061 -71.051 0.016 -27.571 -69.388
-4.089 -29.779 -70.39 -4.756 -30.942 -71.018 -5.746 -30.51 -72.089 -4.885 -33.612 -68.289
-6.211 -29.264 -72.019 -7.044 -28.718 -73.085 -6.254 -28.485 -74.387 -9.691 -26.49 -71.911
-4.92 -28.489 -74.304 -4.074 -28.193 -75.481 -3.533 -29.421 -76.203 -2.99 -25.852 -74.824
-3.314 -30.5 -75.467 -2.791 -31.719 -76.059 -3.939 -32.642 -76.453 -1.679 -32.326 -74.56
