EGPDNDERFTYDYYRLRVVGLIVAAVLCVIGIIILLAGK
CCCCCCCCHHHHHHHHHHHHHHHHHHHHHHHHHHHHHCC
116.435 21.182 -32.318 116.24 21.296 -33.793 117.368 20.566 -34.536 115.32 22.632 -35.99
117.456 20.768 -35.851 118.507 20.164 -36.678 119.839 20.873 -36.503 118.339 19.38 -37.276
120.329 21.549 -37.564 121.586 22.306 -37.474 121.49 23.474 -36.492 120.803 22.172 -39.189
120.262 23.837 -36.127 119.997 24.942 -35.211 119.644 24.423 -33.81 118.997 26.066 -37.182
120.471 23.515 -33.297 120.274 22.956 -31.961 121.281 23.502 -30.944 121.559 20.844 -32.425
121.481 24.819 -30.977 122.424 25.501 -30.084 122.04 25.383 -28.606 123.058 27.157 -31.813
120.734 25.305 -28.345 120.18 25.209 -26.991 120.638 23.961 -26.234 117.072 26.268 -27.645
121.079 22.952 -26.981 121.576 21.698 -26.415 122.883 21.884 -25.635 122.076 17.822 -28.376
123.68 22.872 -26.034 124.972 23.133 -25.401 124.936 24.394 -24.536 125.888 21.547 -28.279
123.747 24.722 -24.035 123.535 25.94 -23.258 122.84 25.643 -21.931 122.895 27.479 -24.271
123.21 26.404 -20.905 122.555 26.319 -19.612 122.461 27.691 -18.967 121.676 24.579 -16.414
121.284 28.009 -18.439 121.064 29.297 -17.804 121.591 29.285 -16.368 119.374 31.111 -17.757
122.906 29.419 -16.239 123.55 29.483 -14.932 123.238 30.786 -14.213 125.755 26.495 -15.494
122.822 31.795 -14.975 122.48 33.087 -14.408 121.19 33.015 -13.593 121.519 36.729 -14.473
120.133 32.439 -14.171 118.867 32.267 -13.454 119.053 31.367 -12.242 116.794 33.828 -16.436
119.775 30.269 -12.443 120.032 29.307 -11.384 120.671 29.989 -10.175 121.004 26.851 -11.25
121.635 30.873 -10.44 122.298 31.647 -9.393 121.336 32.61 -8.702 126.807 31.94 -10.583
120.514 33.306 -9.487 119.5 34.216 -8.932 118.54 33.468 -7.998 118.671 35.543 -10.129
118.015 32.343 -8.473 117.109 31.495 -7.69 117.81 30.921 -6.448 115.953 30.247 -8.689
119.025 30.409 -6.639 119.808 29.837 -5.549 120.052 30.827 -4.427 120.134 28.892 -5.568
120.363 32.067 -4.802 120.587 33.143 -3.84 119.296 33.607 -3.165 122.776 34.299 -4.709
118.197 33.619 -3.917 116.89 33.904 -3.334 116.61 32.882 -2.228 115.6 34.834 -4.614
116.725 31.6 -2.57 116.485 30.509 -1.629 117.362 30.62 -0.372 116.276 28.671 -2.31
118.666 30.807 -0.57 119.621 30.96 0.534 119.226 32.081 1.496 121.025 31.199 -0.005
118.783 33.208 0.932 118.355 34.367 1.709 117.119 34.047 2.536 118.087 35.561 0.786
116.115 33.469 1.884 114.84 33.139 2.515 115.025 32.095 3.618 113.327 32.921 1.306
115.909 31.127 3.388 116.243 30.144 4.417 116.943 30.814 5.599 116.634 27.857 3.157
117.709 31.858 5.295 118.388 32.639 6.316 117.382 33.44 7.149 119.887 34.05 6.267
116.393 34.04 6.489 115.326 34.77 7.183 114.467 33.831 8.049 114.31 36.166 6.221
113.982 32.741 7.448 113.201 31.719 8.161 113.906 31.275 9.455 112.017 30.52 6.865
115.214 31.048 9.357 116.022 30.642 10.5 116.019 31.672 11.614 116.514 29.771 10.518
116.161 32.946 11.243 116.126 34.041 12.21 114.777 34.058 12.932 117.341 35.694 11.619
113.687 33.874 12.184 112.336 33.881 12.746 112.195 32.835 13.856 110.941 34.469 11.214
112.681 31.625 13.59 112.537 30.509 14.518 113.439 30.694 15.745 112.283 28.445 13.307
114.656 31.173 15.509 115.579 31.494 16.59 115.028 32.612 17.469 118.19 31.928 16.806
114.54 33.679 16.843 114.058 34.839 17.587 112.723 34.614 18.299 115.109 37.018 16.59
112.21 33.387 18.255 111.014 33.033 19.017 111.379 32.838 20.494 110.358 31.786 18.438
111.973 33.876 21.083 112.404 33.85 22.48 113.816 34.356 22.74 111.788 33.516 23.194
114.608 34.498 21.67 116.02 34.923 21.731 116.922 33.837 22.329 118.398 37.387 21.993
