TANILKPLMSPPSREEIMATL
CCCCCCCCCCCCCHHHHHHCC
12.426 -19.175 13.161 12.426 -19.616 14.603 11.069 -19.252 15.229 13.647 -18.714 15.894
10.725 -19.883 16.339 9.357 -19.878 16.884 8.631 -18.542 17.308 9.281 -20.917 17.995
9.366 -17.456 17.545 8.782 -16.208 18.017 9.043 -15.021 17.087 8.931 -16.818 20.402
9.186 -15.311 15.8 9.265 -14.276 14.749 8.022 -14.326 13.872 11.496 -14.318 13.916
7.266 -13.237 13.885 6.028 -13.101 13.145 6.193 -12.103 12.003 4.499 -13.224 15.226
5.51 -12.37 10.891 5.404 -11.372 9.814 3.954 -11.259 9.315 6.431 -13.198 6.833
3.6 -10.132 8.69 2.309 -10.036 8.027 2.21 -11.094 6.966 3.352 -8.477 8.081
1.035 -11.717 6.886 0.801 -12.675 5.822 0.67 -11.947 4.506 -0.841 -14.7 5.33
-0.032 -10.822 4.475 -0.146 -10.031 3.228 1.138 -9.259 2.984 -2.429 -10.084 3.596
1.512 -9.135 1.705 2.658 -8.349 1.265 2.236 -6.916 1.025 3.432 -9.565 0.056
3.19 -5.962 1.115 2.892 -4.581 0.73 2.64 -4.485 -0.774 4.619 -4.916 1.384
1.98 -3.412 -1.24 1.835 -3.333 -2.72 3.201 -3.358 -3.423 1.18 -1.868 -1.707
3.34 -4.048 -4.552 4.603 -4.021 -5.285 4.853 -2.607 -5.825 4.059 -4.886 -6.928
6.124 -2.258 -5.974 6.538 -1.05 -6.646 5.933 -1.023 -8.057 10.545 0.944 -7.39
5.848 -2.259 -8.639 5.299 -2.27 -9.979 3.841 -1.841 -9.907 7.103 -4.518 -10.006
3.139 -2.383 -8.934 1.748 -2.094 -8.785 1.61 -0.588 -8.613 0.812 -4.415 -6.545
2.483 0.025 -7.829 2.393 1.476 -7.598 2.63 2.196 -8.936 3.143 2.064 -5.629
3.673 1.786 -9.642 4.045 2.452 -10.874 2.91 2.425 -11.885 6.443 3.109 -11.328
2.139 1.349 -11.88 0.969 1.192 -12.752 -0.075 2.31 -12.603 0.287 -0.141 -12.458
-0.16 2.893 -11.41 -1.17 3.915 -11.089 -0.682 5.325 -11.401 -1.348 3.505 -9.216
0.629 5.469 -11.608 1.307 6.755 -11.771 1.477 7.133 -13.244 2.86 6.79 -9.672
