PGPPGPPGPPGPPGPPGPPGPPGP
CCCCCCCCCCCCCCCCCCCCCCCC
4.872 6.317 7.071 4.064 6.409 8.34 4.184 7.759 9.024 5.442 5.146 8.356
3.184 8.033 9.856 3.195 9.22 10.696 4.172 9.096 11.855 2.613 10.01 10.504
4.324 10.242 12.536 5.184 10.302 13.724 4.511 9.599 14.875 4.324 11.889 13.25
5.276 9.402 15.953 4.682 8.773 17.157 3.599 9.629 17.715 6.518 8.978 17.191
2.678 8.984 18.437 1.595 9.739 19.04 2.142 10.481 20.221 0.653 9.747 18.706
1.24 11.218 20.869 1.666 11.972 22.011 1.877 11.028 23.212 -0.148 12.156 21.493
2.526 11.531 24.242 2.697 10.768 25.489 1.338 10.447 26.091 3.631 12.384 25.384
1.315 9.293 26.814 0.182 8.987 27.671 0.023 9.953 28.832 -0.415 8.207 27.485
-1.091 9.735 29.511 -1.362 10.591 30.696 -0.457 10.188 31.854 -2.711 9.35 30.196
-0.314 11.023 32.867 0.351 10.642 34.152 -0.254 9.38 34.762 -0.253 12.424 34.041
0.546 8.597 35.486 0.053 7.362 36.077 -0.822 7.67 37.271 0.278 6.454 35.722
-1.266 6.594 37.908 -2.141 6.707 39.076 -1.353 7.242 40.289 -1.61 4.936 38.482
-2.046 7.73 41.313 -1.358 8.124 42.55 -0.7 6.921 43.18 -3.257 8.128 42.551
0.381 7.192 43.921 1.086 6.203 44.723 0.181 5.81 45.924 1.999 5.865 44.497
0.642 4.847 46.703 -0.088 4.368 47.912 0.103 5.303 49.09 1.419 3.39 47.453
-0.702 5.184 50.113 -0.456 5.945 51.344 0.88 5.563 51.939 -2.078 4.975 51.275
1.48 6.565 52.618 2.774 6.294 53.262 2.543 5.373 54.476 3.644 6.665 52.937
3.647 5.1 55.135 3.609 4.209 56.289 2.99 4.893 57.496 5.277 4.908 55.815
2.628 4.179 58.535 2.111 4.849 59.739 3.177 5.734 60.381 2.117 2.96 59.75
2.687 6.752 61.098 3.602 7.621 61.874 4.213 6.864 63.018 3.781 8.581 61.657
5.108 7.564 63.731 5.697 6.996 64.924 4.698 7.051 66.074 6.288 8.695 64.415
5.003 6.305 67.142 4.247 6.401 68.386 4.188 7.818 68.943 5.704 5.185 68.335
3.156 8.073 69.742 3.073 9.366 70.464 3.989 9.324 71.684 2.499 10.133 70.178
3.994 10.449 72.372 4.794 10.628 73.567 4.236 9.862 74.769 3.781 12.117 73.003
