DRELEELLESALDDFDKAKPSPAPPS
CHHHHHHHHHHHHHHHHCCCCCCCCC
42.645 89.158 15.159 43.985 89.288 14.49 44.146 88.285 13.342 45.124 89.126 15.508
44.047 86.991 13.666 44.101 85.893 12.685 42.861 84.995 12.831 45.387 85.078 12.85
42.302 84.972 14.048 40.917 84.528 14.283 39.963 85.439 13.478 40.566 84.568 15.783
40.33 86.719 13.389 39.653 87.691 12.55 39.529 87.22 11.101 39.624 90.277 12.419
40.663 86.934 10.467 40.687 86.469 9.084 39.683 85.363 8.791 42.586 86.632 8.52
39.666 84.3 9.594 38.759 83.168 9.33 37.291 83.522 9.599 39.163 81.914 10.116
37.077 84.525 10.446 35.74 85.016 10.755 35.139 85.815 9.6 34.572 86.264 12.702
35.929 86.735 9.05 35.521 87.519 7.889 35.274 86.684 6.631 36.496 89.842 8.51
36.094 85.662 6.379 35.917 84.815 5.191 34.718 83.895 5.36 38.217 85.581 4.269
34.414 83.575 6.612 33.285 82.715 6.917 31.971 83.499 6.77 32.901 81.686 8.461
31.96 84.714 7.319 30.81 85.603 7.252 30.368 85.867 5.797 31.1 86.899 7.993
31.341 86.104 4.92 31.079 86.328 3.502 30.164 85.293 2.855 32.57 87.074 1.454
30.283 84.037 3.261 29.423 82.997 2.695 27.978 83.139 3.168 31.22 81.305 2.343
27.746 83.962 4.189 26.432 83.996 4.842 25.404 84.949 4.22 27.118 83.119 7.066
25.843 85.787 3.281 24.934 86.705 2.573 23.874 85.979 1.724 26.879 89.402 3.265
24.298 85.023 0.897 23.356 84.173 0.157 22.453 83.328 1.085 24.101 83.283 -0.857
23.03 82.767 2.15 22.292 81.939 3.122 21.165 82.669 3.868 23.621 80.698 3.926
21.179 84.001 3.832 20.273 84.836 4.638 19.006 85.359 3.915 21.056 85.997 5.242
18.986 85.257 2.581 17.879 85.751 1.744 16.607 84.886 1.885 18.337 85.835 0.284
15.463 85.335 1.318 14.206 84.605 1.532 13.916 83.517 0.476 14.051 86.296 0.757
12.843 82.755 0.69 12.498 81.597 -0.143 11.727 81.939 -1.444 11.709 80.589 0.71
11.508 80.924 -2.321 10.551 80.947 -3.456 9.346 79.972 -3.305 12.177 80.031 -3.725
8.267 80.173 -4.08 6.996 79.424 -3.879 6.373 78.734 -5.128 5.953 80.32 -3.176
5.871 77.48 -4.964 5.276 76.559 -5.979 3.859 76.778 -6.604 5.959 75.746 -4.415
2.922 77.489 -5.931 1.611 77.564 -6.577 1.472 78.774 -7.518 1.678 78.095 -4.789
2.568 79.519 -7.682 2.663 80.621 -8.644 2.925 80.114 -10.068 3.758 81.717 -7.53
