EDSANVYEQDDLSEQMASLEGLMKQLNAITGS
CCCCCHHCCCCHHHHHHHHHHHHHHHHHHHCC
12.38 47.724 132.716 11.189 48.339 132.065 9.94 47.512 132.356 11.418 48.434 130.559
10.145 46.248 132.711 9.039 45.35 133.015 8.277 45.816 134.254 9.56 43.933 133.223
9.005 46.042 135.344 8.403 46.48 136.6 7.555 47.734 136.443 9.818 46.125 137.822
8.157 48.789 135.903 7.462 50.055 135.696 6.125 49.844 134.984 8.341 50.998 134.89
6.135 48.988 133.966 4.933 48.686 133.192 3.84 48.059 134.056 4.162 47.01 131.506
4.134 46.893 134.619 3.187 46.182 135.468 2.758 46.991 136.698 4.064 44.724 136.417
3.593 47.937 137.118 3.279 48.77 138.278 2.195 49.787 137.935 4.183 51.362 140.963
2.279 50.354 136.736 1.317 51.351 136.28 0.024 50.734 135.743 2.58 53.73 136.293
0.0 49.409 135.621 -1.171 48.701 135.102 -2.366 48.63 136.046 0.029 46.087 133.373
-3.56 48.625 135.458 -4.806 48.531 136.209 -5.138 47.059 136.419 -6.116 50.582 135.803
-6.155 46.782 137.23 -6.557 45.404 137.498 -7.123 44.762 136.248 -7.136 45.923 139.83
-6.935 43.45 136.132 -7.43 42.695 134.989 -8.85 43.118 134.649 -7.861 40.174 134.377
-9.675 43.243 135.682 -11.07 43.623 135.518 -11.253 44.965 134.81 -12.442 43.828 136.827
-10.72 46.029 135.404 -10.853 47.366 134.834 -10.183 47.527 133.47 -11.064 47.686 137.468
-9.072 46.834 133.273 -8.334 46.933 132.023 -9.092 46.299 130.86 -5.086 46.315 131.579
-9.68 45.13 131.101 -10.444 44.43 130.073 -11.675 45.227 129.662 -9.402 41.814 130.069
-12.286 45.914 130.622 -13.468 46.713 130.332 -13.099 47.851 129.387 -14.06 47.27 131.626
-11.982 48.514 129.674 -11.51 49.629 128.854 -11.173 49.179 127.433 -10.032 50.811 129.1
-10.401 48.104 127.312 -10.023 47.586 125.999 -11.26 47.119 125.232 -7.615 46.666 126.389
-12.112 46.347 125.9 -13.337 45.858 125.283 -14.167 47.034 124.778 -14.037 43.181 126.93
-14.075 48.162 125.481 -14.815 49.347 125.086 -14.24 49.967 123.827 -15.602 49.685 125.603
-12.914 50.002 123.741 -12.256 50.567 122.568 -12.568 49.723 121.335 -10.103 51.703 123.503
-12.573 48.408 121.515 -12.855 47.499 120.418 -14.259 47.716 119.879 -11.454 44.913 120.717
-15.196 47.98 120.784 -16.569 48.217 120.385 -16.604 49.422 119.45 -19.797 48.73 121.783
-15.811 50.443 119.768 -15.759 51.646 118.945 -15.074 51.375 117.614 -15.092 54.004 121.217
-14.085 50.488 117.639 -13.375 50.133 116.42 -14.315 49.31 115.537 -10.872 49.991 117.184
-15.14 48.469 116.155 -16.094 47.665 115.399 -17.107 48.569 114.707 -16.043 45.522 116.654
-17.469 49.659 115.377 -18.418 50.611 114.822 -17.808 51.314 113.611 -18.808 51.64 115.886
-16.508 51.593 113.682 -15.809 52.27 112.592 -15.665 51.38 111.364 -13.918 53.541 113.403
-15.311 50.119 111.581 -15.126 49.197 110.471 -16.452 48.657 109.941 -13.965 47.947 111.391
-17.536 48.92 110.663 -18.834 48.43 110.233 -18.9 46.936 110.476 -19.548 49.012 109.843
-18.011 46.459 111.343 -17.949 45.046 111.682 -18.904 44.704 112.823 -16.291 45.04 112.616
