EPFFGDYCSENPDAAECLIYDD
CCCCCCCCCCCCCHHHEEEECC
17.248 15.743 -13.167 16.517 16.696 -12.28 17.452 17.548 -11.416 14.185 14.54 -11.198
18.677 17.833 -11.899 19.614 18.643 -11.109 18.988 19.921 -10.545 20.24 18.06 -12.766
18.526 20.785 -11.446 17.911 22.051 -11.063 16.397 21.949 -10.91 17.014 25.261 -11.74
15.74 21.565 -11.995 14.289 21.449 -12.033 13.668 20.502 -11.011 14.447 22.839 -15.118
14.458 19.569 -10.489 13.933 18.647 -9.497 13.569 19.388 -8.223 13.838 17.666 -9.663
14.536 20.124 -7.686 14.327 20.898 -6.469 13.5 22.143 -6.762 16.415 20.186 -5.367
13.849 22.843 -7.837 13.136 24.058 -8.201 11.649 23.833 -8.43 12.236 27.04 -10.219
11.319 22.923 -9.339 9.924 22.64 -9.651 9.137 22.08 -8.477 10.066 22.103 -11.631
9.854 21.636 -7.447 9.219 21.089 -6.255 8.603 22.209 -5.415 9.943 20.062 -4.825
9.253 23.37 -5.4 8.74 24.502 -4.64 7.801 25.381 -5.471 11.493 26.437 -4.397
8.032 25.457 -6.783 7.174 26.246 -7.678 6.67 25.353 -8.808 8.836 28.068 -7.385
5.792 24.39 -8.494 5.24 23.466 -9.491 4.394 24.12 -10.579 4.53 23.33 -7.775
4.04 25.387 -10.38 3.225 26.108 -11.357 4.059 27.126 -12.137 2.461 28.088 -10.106
5.374 27.105 -11.914 6.291 28.008 -12.602 6.279 27.706 -14.102 7.703 27.844 -12.045
6.488 28.742 -14.909 6.505 28.605 -16.364 7.421 27.468 -16.859 6.922 29.94 -17.004
8.538 27.244 -16.164 9.489 26.197 -16.548 9.121 24.801 -16.049 10.91 28.437 -15.525
8.046 24.694 -15.275 7.657 23.412 -14.685 6.367 22.747 -15.147 8.348 23.867 -12.782
5.434 23.534 -15.672 4.158 22.984 -16.1 4.255 21.862 -17.123 2.592 25.022 -15.767
3.614 20.742 -16.803 3.568 19.593 -17.697 2.143 19.043 -17.678 5.511 18.208 -17.45
1.391 19.319 -18.734 0.021 18.839 -18.818 -0.001 17.597 -19.689 -1.05 22.401 -17.907
-0.443 16.484 -19.115 -0.509 15.236 -19.855 -1.54 15.388 -20.959 -0.789 12.796 -19.57
-1.064 15.459 -22.197 -1.948 15.588 -23.348 -1.945 14.275 -24.129 -1.754 18.044 -23.682
