SNTIGARLNRVEDKVTQLDQRLALITDMLHQLLSLHG
CCHHHHHHHHHHHHHHHHHHHHHHHHHHHHHHHHHCC
-10.566 -26.661 -14.287 -9.95 -25.509 -13.56 -10.936 -24.856 -12.596 -9.949 -24.144 -14.898
-12.179 -25.344 -12.603 -13.237 -24.756 -11.779 -13.563 -25.541 -10.51 -14.627 -23.045 -12.958
-12.736 -26.539 -10.205 -12.87 -27.291 -8.962 -12.468 -26.441 -7.753 -11.667 -28.761 -9.378
-12.973 -26.819 -6.58 -12.692 -26.132 -5.324 -11.181 -26.066 -5.074 -14.302 -26.388 -3.992
-10.5 -27.184 -5.314 -9.058 -27.277 -5.183 -8.329 -26.342 -6.128 -8.626 -27.9 -4.531
-8.819 -26.241 -7.363 -8.254 -25.346 -8.361 -8.501 -23.878 -8.009 -8.815 -25.649 -9.723
-9.709 -23.574 -7.55 -10.033 -22.215 -7.154 -9.168 -21.805 -5.97 -14.204 -21.469 -8.416
-9.094 -22.666 -4.964 -8.318 -22.369 -3.777 -6.828 -22.185 -4.053 -9.568 -23.267 -1.64
-6.251 -22.981 -4.956 -4.838 -22.778 -5.288 -4.56 -21.493 -6.083 -4.764 -24.519 -7.09
-5.557 -21.0 -6.818 -5.44 -19.71 -7.481 -5.508 -18.581 -6.447 -8.175 -20.25 -10.513
-6.407 -18.725 -5.48 -6.597 -17.73 -4.438 -5.34 -17.648 -3.574 -8.316 -17.621 -3.472
-4.784 -18.798 -3.188 -3.574 -18.81 -2.389 -2.374 -18.198 -3.128 -2.153 -21.18 -0.521
-2.208 -18.561 -4.398 -1.203 -17.968 -5.281 -1.353 -16.445 -5.397 -0.736 -19.952 -6.719
-2.558 -15.974 -5.692 -2.816 -14.531 -5.772 -2.531 -13.786 -4.448 -5.471 -14.559 -8.397
-2.93 -14.377 -3.318 -2.69 -13.79 -1.99 -1.183 -13.703 -1.697 -3.835 -14.302 -0.474
-0.433 -14.739 -2.072 1.027 -14.725 -2.032 1.647 -13.589 -2.878 1.947 -16.451 -2.137
1.125 -13.391 -4.09 1.543 -12.29 -4.967 1.296 -10.946 -4.28 0.576 -11.518 -8.152
0.136 -10.81 -3.642 -0.208 -9.597 -2.893 0.826 -9.283 -1.817 -2.836 -9.47 -3.004
1.325 -10.324 -1.139 2.386 -10.175 -0.13 3.715 -9.71 -0.716 3.258 -11.237 1.911
4.054 -10.225 -1.892 5.22 -9.751 -2.615 5.09 -8.248 -2.937 5.735 -12.543 -4.437
3.953 -7.848 -3.485 3.657 -6.438 -3.707 3.801 -5.596 -2.433 1.295 -6.304 -7.309
3.205 -6.064 -1.337 3.33 -5.414 -0.038 4.782 -5.219 0.436 1.088 -5.8 1.147
5.645 -6.205 0.211 7.053 -6.074 0.569 7.774 -4.998 -0.243 7.774 -7.403 0.451
7.441 -4.899 -1.53 8.011 -3.882 -2.41 7.511 -2.486 -2.026 8.194 -3.384 -5.024
6.208 -2.368 -1.762 5.619 -1.122 -1.303 6.291 -0.659 0.005 3.283 -1.06 -1.665
6.514 -1.593 0.93 7.181 -1.303 2.21 8.61 -0.799 1.997 6.93 -2.557 3.687
9.353 -1.456 1.113 10.699 -1.012 0.793 10.672 0.412 0.238 12.791 -1.755 -0.269
9.758 0.673 -0.696 9.662 1.998 -1.323 9.374 3.078 -0.277 8.314 1.684 -4.181
8.5 2.761 0.677 8.185 3.681 1.758 9.348 3.929 2.728 5.55 3.723 2.114
10.14 2.898 3.021 11.394 3.065 3.76 12.368 3.985 3.016 11.268 0.587 5.752
12.499 3.795 1.706 13.33 4.685 0.895 12.86 6.132 0.998 13.886 2.885 -1.9
11.552 6.355 0.861 10.965 7.696 0.932 11.119 8.355 2.297 8.928 8.062 -0.755
10.95 7.582 3.362 11.096 8.117 4.714 12.546 8.515 4.979 9.257 7.026 6.265
13.473 7.663 4.565 14.885 7.894 4.837 15.449 9.044 3.988 15.848 6.481 3.994
14.985 9.14 2.75 15.295 10.244 1.846 14.863 11.606 2.409 14.018 10.635 -0.606
13.858 11.604 3.278 13.394 12.825 3.928 14.174 13.184 5.196 10.698 13.06 2.357
14.613 12.165 5.933 15.341 12.352 7.183 14.437 12.475 8.394 16.34 12.391 7.207
