KKKATFRAITSTLASSFKRR
CCHHHHHHHHHHHHHHHCCC
4.553 -0.381 19.344 5.446 -1.496 18.907 6.553 -1.01 17.952 3.497 -4.602 18.687
6.685 -1.64 16.791 7.957 -1.678 16.093 8.471 -0.316 15.528 6.961 -5.169 15.18
8.005 0.801 16.104 8.657 2.102 15.833 10.105 2.119 16.393 8.136 5.537 16.669
10.334 1.412 17.511 11.692 1.134 17.998 12.515 0.427 16.916 11.647 0.272 19.256
11.891 -0.564 16.267 12.572 -1.324 15.222 12.833 -0.387 14.009 11.964 -3.104 14.691
11.83 0.399 13.651 11.953 1.266 12.499 13.06 2.304 12.834 10.074 2.953 10.044
13.034 2.817 14.078 14.067 3.753 14.539 15.467 3.169 14.587 13.463 7.02 17.075
15.546 1.919 15.053 16.836 1.228 15.268 17.552 1.054 13.948 16.616 -0.127 15.916
16.773 0.67 12.95 17.333 0.51 11.606 17.828 1.824 11.112 15.868 -0.732 10.294
17.033 2.88 11.307 17.401 4.164 10.744 18.657 4.726 11.406 16.035 5.414 10.413
18.683 4.614 12.73 19.831 5.04 13.532 21.102 4.324 13.134 20.153 4.932 15.406
20.99 3.015 12.918 22.16 2.218 12.545 22.662 2.634 11.164 22.056 0.374 12.796
21.728 2.93 10.261 22.106 3.522 8.986 22.859 4.848 9.177 20.433 2.677 7.175
22.24 5.758 9.913 22.847 7.047 10.192 24.296 6.904 10.741 21.964 7.836 11.152
24.495 5.95 11.653 25.823 5.62 12.19 26.83 5.29 11.095 26.348 4.277 13.454
26.415 4.435 10.164 27.301 4.009 9.085 27.691 5.155 8.159 26.018 3.003 8.095
26.726 6.029 7.872 26.958 7.151 6.977 27.92 8.15 7.613 23.943 6.378 5.545
27.834 8.276 8.936 28.643 9.223 9.699 30.131 9.084 9.384 27.613 9.68 12.776
30.633 7.846 9.368 32.084 7.597 9.241 32.556 7.346 7.793 31.355 5.164 11.735
31.927 8.049 6.848 32.314 7.998 5.434 33.423 9.03 5.176 31.019 9.284 1.577
