NANQMLTDILSFMKSGKRAAALE
CHHHHHHHHHHHHHHCCHHHHCC
-34.679 38.417 -17.762 -34.541 37.461 -16.629 -35.504 36.28 -16.778 -34.525 37.342 -14.145
-36.741 36.559 -17.185 -37.729 35.5 -17.379 -37.221 34.544 -18.459 -39.067 36.095 -17.788
-36.356 35.052 -19.333 -35.78 34.244 -20.397 -34.656 33.367 -19.861 -36.332 35.562 -22.414
-34.077 33.776 -18.738 -33.021 32.993 -18.114 -33.708 31.87 -17.327 -30.589 32.702 -17.277
-34.858 32.185 -16.737 -35.63 31.201 -15.993 -36.006 30.085 -16.948 -36.852 32.048 -13.591
-36.506 30.478 -18.115 -36.919 29.538 -19.142 -35.809 28.551 -19.45 -37.934 29.589 -21.526
-34.602 29.069 -19.637 -33.469 28.218 -19.949 -33.134 27.265 -18.812 -31.914 29.017 -20.779
-33.142 27.764 -17.583 -32.832 26.912 -16.443 -33.92 25.863 -16.206 -31.54 28.67 -15.258
-35.186 26.255 -16.361 -36.292 25.328 -16.156 -36.253 24.251 -17.229 -38.282 26.525 -15.568
-36.029 24.652 -18.476 -35.951 23.688 -19.561 -34.797 22.712 -19.325 -36.896 24.914 -21.65
-33.684 23.217 -18.789 -32.511 22.382 -18.509 -32.815 21.37 -17.424 -31.058 23.617 -18.594
-33.523 21.802 -16.386 -33.873 20.896 -15.303 -34.723 19.738 -15.814 -35.691 20.008 -12.616
-35.764 20.06 -16.576 -36.637 19.031 -17.104 -35.852 18.088 -18.005 -39.036 20.904 -17.924
-34.932 18.641 -18.791 -34.156 17.819 -19.699 -33.11 16.945 -19.018 -32.505 18.085 -22.905
-32.304 17.532 -18.136 -31.239 16.769 -17.49 -31.244 16.678 -15.973 -29.769 17.963 -17.68
-32.254 17.233 -15.321 -32.287 17.167 -13.872 -31.317 18.135 -13.211 -32.898 16.537 -13.392
-30.579 18.892 -14.019 -29.634 19.876 -13.493 -30.413 21.051 -12.93 -26.751 19.633 -16.024
-30.203 21.325 -11.652 -30.902 22.414 -10.995 -29.975 23.613 -10.826 -34.234 22.065 -7.802
-30.196 24.648 -11.634 -29.386 25.865 -11.579 -29.522 26.535 -10.216 -29.813 26.831 -12.677
-28.534 27.346 -9.849 -28.557 28.035 -8.561 -29.816 28.888 -8.413 -27.31 28.902 -8.407
-30.233 29.519 -9.509 -31.424 30.368 -9.518 -32.689 29.599 -9.135 -31.597 30.999 -10.895
-32.691 28.295 -9.396 -33.831 27.443 -9.077 -33.612 26.776 -7.721 -34.484 26.717 -11.494
-32.934 27.504 -6.834 -32.617 27.06 -5.476 -32.5 25.548 -5.292 -35.528 28.152 -4.227
