SQRLVFNRPFLMFIVDNNILFLGKVNRP
CCCEECCCCEEEEEECCCEEEEEECCCC
28.496 -8.044 -25.223 27.139 -7.844 -24.643 27.202 -7.22 -23.253 26.393 -9.179 -24.567
26.306 -6.271 -23.009 26.223 -5.576 -21.73 25.414 -6.425 -20.754 24.66 -2.677 -21.074
25.946 -6.647 -19.555 25.238 -7.442 -18.556 24.291 -6.55 -17.759 27.502 -9.758 -16.878
23.007 -6.898 -17.76 21.999 -6.131 -17.034 21.203 -7.073 -16.139 20.142 -4.409 -17.572
21.317 -6.876 -14.83 20.64 -7.738 -13.87 19.544 -7.041 -13.076 21.804 -8.876 -12.811
18.33 -7.575 -13.148 17.226 -7.0 -12.395 17.212 -7.621 -11.0 15.502 -5.611 -14.962
18.123 -7.148 -10.151 18.226 -7.648 -8.785 17.942 -6.566 -7.742 20.727 -7.398 -8.758
17.14 -5.582 -8.138 16.706 -4.49 -7.268 15.261 -4.24 -7.682 19.596 -1.882 -8.501
14.467 -3.57 -6.831 13.073 -3.309 -7.202 12.972 -2.713 -8.601 13.563 -2.767 -5.5
12.0 -3.194 -9.37 11.821 -2.726 -10.737 10.35 -2.631 -11.107 11.736 -6.032 -11.716
10.059 -1.922 -12.193 8.686 -1.771 -12.658 8.436 -2.659 -13.864 8.344 0.78 -12.119
7.186 -3.063 -14.038 6.81 -3.871 -15.185 5.551 -3.305 -15.819 5.906 -6.988 -15.853
5.584 -3.163 -17.141 4.439 -2.698 -17.915 4.114 -3.797 -18.911 5.119 0.688 -17.628
2.829 -4.017 -19.154 2.41 -4.952 -20.194 1.593 -4.034 -21.094 1.636 -7.048 -19.347
2.074 -3.811 -22.312 1.395 -2.902 -23.223 1.053 -3.471 -24.592 2.757 -1.501 -23.206
-0.029 -2.943 -25.158 -0.511 -3.315 -26.485 -1.46 -2.196 -26.92 -1.609 -5.136 -27.732
-0.892 -1.061 -27.316 -1.685 0.1 -27.725 -2.601 0.532 -26.581 -1.741 -0.578 -30.116
-2.265 0.069 -25.383 -2.992 0.368 -24.149 -2.12 -0.185 -23.039 -5.374 0.24 -24.863
-2.217 0.391 -21.847 -1.448 -0.126 -20.718 -2.361 -1.165 -20.071 -0.435 1.69 -19.527
-2.13 -2.43 -20.404 -2.949 -3.518 -19.89 -2.712 -3.773 -18.411 -3.121 -4.928 -22.064
-1.445 -3.761 -18.011 -1.07 -3.998 -16.618 0.134 -3.147 -16.274 -2.59 -7.033 -16.829
0.234 -2.765 -15.003 1.345 -1.957 -14.514 1.645 -2.376 -13.088 1.941 0.568 -14.181
2.926 -2.504 -12.761 3.27 -2.882 -11.405 4.709 -2.64 -10.998 2.575 -3.275 -10.803
4.968 -2.877 -9.718 6.299 -2.737 -9.156 6.637 -4.021 -8.417 7.237 -0.442 -6.509
7.741 -4.65 -8.809 8.198 -5.871 -8.158 9.196 -5.409 -7.108 8.754 -7.366 -9.261
8.728 -5.334 -5.869 9.551 -4.874 -4.76 10.085 -6.051 -3.961 9.465 -2.907 -3.28
9.256 -7.084 -3.853 9.59 -8.279 -3.097 9.122 -9.528 -3.839 9.37 -6.488 0.868
9.951 -10.046 -4.755 9.585 -11.247 -5.507 9.525 -12.451 -4.567 11.074 -11.055 -5.34
