ACYSSDCRVKCVAMGFSSGKCINSKCKCYK
CCCCCCCEEEEEEECCCCCEEECCCCCCCC
50.332 -1.088 14.526 48.936 -0.717 14.154 48.968 -0.016 12.785 48.435 0.245 15.173
47.812 0.268 12.213 47.733 1.082 11.02 47.363 2.49 11.408 46.606 0.862 9.284
48.046 3.46 10.794 47.763 4.881 10.987 47.473 5.469 9.636 49.24 4.574 14.327
46.395 6.233 9.56 45.878 6.735 8.304 46.847 7.493 7.447 44.832 8.248 8.86
47.533 8.461 8.021 48.396 9.307 7.252 49.532 8.483 6.642 49.138 10.13 8.779
50.167 7.66 7.479 51.262 6.851 6.991 50.799 5.867 5.94 52.661 6.934 8.992
49.616 5.278 6.115 49.108 4.328 5.147 48.897 4.992 3.783 47.404 3.173 5.098
48.234 6.152 3.762 48.055 6.837 2.508 49.384 7.106 1.815 46.964 9.069 2.02
50.353 7.606 2.581 51.645 7.994 2.027 52.416 6.779 1.516 52.653 9.351 3.002
52.383 5.654 2.23 52.975 4.402 1.752 52.377 4.006 0.414 53.006 2.372 4.71
51.036 4.02 0.362 50.356 3.6 -0.844 50.722 4.49 -2.038 48.566 2.956 -0.037
50.692 5.816 -1.842 51.041 6.725 -2.939 52.488 6.492 -3.36 50.441 8.579 -2.824
53.395 6.29 -2.398 54.805 6.082 -2.73 55.001 4.907 -3.665 55.614 5.891 -1.48
54.172 3.862 -3.517 54.271 2.679 -4.363 53.51 2.798 -5.651 54.051 0.583 -2.258
52.869 3.931 -5.919 52.186 4.173 -7.181 50.703 3.94 -7.121 52.681 4.467 -7.999
50.139 3.657 -5.954 48.703 3.51 -5.794 48.077 4.884 -5.57 49.245 0.251 -5.001
46.75 4.946 -5.616 46.064 6.245 -5.536 46.042 6.839 -4.147 44.599 5.895 -6.762
45.807 5.985 -3.161 45.68 6.348 -1.74 45.545 5.051 -0.968 44.456 7.481 -0.853
45.158 5.128 0.298 44.861 3.94 1.08 44.165 4.282 2.354 45.102 3.016 0.783
43.639 3.26 3.011 42.951 3.441 4.287 43.198 2.263 5.177 40.604 4.52 3.794
43.148 2.534 6.474 43.277 1.502 7.508 41.951 0.777 7.696 44.502 2.484 8.822
41.976 -0.538 7.57 40.8 -1.384 7.747 41.246 -2.575 8.557 39.496 -1.362 6.116
40.675 -2.771 9.749 40.964 -3.956 10.54 42.472 -4.157 10.747 40.283 -6.33 10.785
43.161 -3.051 11.084 44.607 -3.067 11.337 45.474 -3.213 10.115 44.777 -3.904 12.993
44.893 -3.179 8.92 45.642 -3.384 7.674 45.613 -2.085 6.871 44.649 -6.347 7.27
46.748 -1.716 6.288 46.799 -0.602 5.353 46.461 -1.141 3.973 48.318 0.61 4.728
45.263 -0.799 3.506 44.718 -1.289 2.246 44.735 -0.176 1.222 42.164 -3.827 3.508
45.544 -0.338 0.169 45.619 0.709 -0.838 44.463 0.652 -1.805 47.668 0.645 -1.154
44.065 1.816 -2.303 43.226 1.949 -3.489 44.129 1.92 -4.699 40.603 3.736 -1.32
43.806 1.153 -5.727 44.613 1.095 -6.919 44.849 2.46 -7.517 45.989 0.086 -9.169
