RDYTEQLRRAARRNAWDLYGEHFY
CCHHHHHHHHHHHHHHHHHCCCCC
5.651 20.315 -13.08 5.584 19.272 -14.134 6.676 18.224 -13.905 5.032 18.565 -18.397
6.989 17.954 -12.635 8.035 16.976 -12.323 7.492 15.552 -12.479 7.871 16.966 -9.805
8.347 14.556 -12.288 7.983 13.185 -12.601 6.727 12.73 -11.865 8.755 9.417 -12.87
6.763 12.733 -10.539 5.6 12.245 -9.779 4.358 13.142 -9.936 6.438 12.0 -8.049
4.563 14.45 -10.058 3.463 15.362 -10.421 2.734 14.902 -11.685 4.907 18.265 -9.366
3.493 14.584 -12.739 2.891 14.168 -14.006 2.175 12.838 -13.871 5.09 15.039 -16.326
2.802 11.908 -13.174 2.195 10.579 -12.954 0.882 10.653 -12.188 4.323 9.079 -12.942
0.853 11.482 -11.136 -0.37 11.714 -10.348 -1.507 12.252 -11.235 1.106 13.876 -6.814
-1.203 13.242 -12.05 -2.197 13.822 -12.962 -2.71 12.808 -13.964 -0.21 17.335 -13.751
-1.792 12.083 -14.589 -2.177 11.052 -15.575 -2.994 9.963 -14.915 -0.929 10.447 -16.257
-2.579 9.535 -13.725 -3.28 8.438 -13.048 -4.688 8.832 -12.61 -2.464 7.933 -11.864
-4.818 10.055 -12.107 -6.117 10.577 -11.698 -7.061 10.599 -12.892 -8.869 12.031 -10.034
-6.534 11.029 -14.044 -7.286 11.093 -15.3 -7.781 9.709 -15.732 -6.454 11.467 -19.534
-6.973 8.693 -15.469 -7.231 7.324 -15.916 -7.918 6.475 -14.851 -5.328 7.077 -17.548
-8.464 7.108 -13.811 -9.005 6.382 -12.658 -10.026 5.309 -13.049 -9.633 7.372 -11.668
-10.94 5.644 -13.957 -11.98 4.664 -14.362 -11.364 3.533 -15.117 -15.011 6.457 -13.208
-10.388 3.842 -15.958 -9.752 2.768 -16.692 -8.996 1.829 -15.733 -8.396 2.224 -18.594
-8.347 2.427 -14.742 -7.509 1.681 -13.795 -8.344 0.772 -12.904 -5.385 3.119 -13.268
-9.458 1.283 -12.39 -10.362 0.41 -11.676 -11.098 -0.551 -12.607 -10.074 2.35 -8.498
-11.313 -0.187 -13.868 -12.008 -1.056 -14.806 -11.22 -2.261 -15.309 -12.946 -0.844 -15.081
-9.9 -2.118 -15.38 -9.014 -3.19 -15.847 -7.653 -3.102 -15.158 -8.248 -4.304 -18.871
-7.345 -4.135 -14.391 -6.076 -4.207 -13.684 -5.714 -5.669 -13.465 -4.265 -2.618 -11.622
-4.468 -5.926 -13.076 -3.994 -7.267 -12.78 -4.431 -7.733 -11.398 -1.707 -6.955 -15.232
-4.713 -6.785 -10.515 -5.36 -7.045 -9.235 -6.768 -7.613 -9.403 -3.573 -4.741 -7.843
