EVTVTDITANSITVTFREAQAAEGFFRDRS
CCEEEEEEECEEEEEEEHHHHHCCCCCCCC
2.87 22.592 13.273 2.405 23.974 13.211 3.18 24.775 12.164 2.262 26.443 15.349
2.692 25.976 11.876 3.387 26.888 10.978 3.676 28.178 11.72 2.703 27.158 9.184
4.944 28.428 12.011 5.277 29.654 12.694 5.244 30.749 11.659 7.016 29.158 13.357
4.953 31.955 12.114 4.913 33.116 11.244 5.765 34.189 11.878 3.179 33.651 10.556
6.749 34.668 11.133 7.65 35.664 11.669 7.806 36.808 10.704 9.25 34.939 12.468
7.652 38.027 11.204 7.874 39.206 10.38 9.285 39.751 10.609 5.522 39.95 10.111
9.991 40.005 9.51 11.389 40.436 9.524 11.555 41.674 8.639 12.753 38.856 9.754
12.195 42.711 9.179 12.449 43.952 8.457 13.913 44.093 8.025 11.704 45.583 9.197
14.106 44.517 6.789 15.436 44.823 6.289 15.287 45.833 5.17 16.108 43.569 5.786
16.152 46.84 5.171 16.11 47.885 4.156 14.732 48.559 4.075 17.97 46.918 2.802
14.101 48.689 5.241 12.832 49.4 5.404 11.627 48.631 4.869 13.164 51.268 5.265
11.838 47.372 4.504 10.727 46.527 4.065 10.559 45.355 5.013 10.352 46.473 1.994
9.325 45.134 5.459 9.011 43.993 6.296 8.407 42.87 5.456 8.06 44.37 7.93
8.87 41.646 5.676 8.297 40.474 5.011 7.951 39.401 6.041 9.789 39.999 3.844
7.039 38.512 5.662 6.652 37.38 6.498 7.287 36.075 6.05 4.789 37.222 6.921
7.852 35.334 7.008 8.333 33.981 6.742 7.423 32.995 7.451 11.483 35.083 5.984
6.914 32.038 6.698 6.109 30.965 7.272 6.919 29.686 7.231 2.768 30.963 4.969
7.014 29.01 8.375 7.874 27.836 8.45 7.163 26.623 9.031 10.891 27.468 9.887
7.312 25.482 8.368 6.784 24.223 8.881 7.923 23.243 9.105 5.772 23.642 7.91
7.632 22.145 9.796 8.658 21.157 10.107 8.717 20.04 9.068 8.629 21.058 13.451
7.815 20.091 8.095 7.812 19.126 7.004 7.182 19.703 5.741 7.095 17.85 7.427
7.612 19.19 4.593 7.142 19.669 3.301 5.722 19.191 3.022 8.074 19.2 2.203
5.459 17.933 3.358 4.162 17.31 3.115 3.043 18.075 3.814 6.066 15.307 3.33
2.059 18.516 3.035 0.925 19.241 3.574 1.15 20.739 3.565 0.105 18.774 3.905
2.385 21.142 3.279 2.766 22.546 3.331 3.07 23.046 1.928 4.615 25.085 4.709
4.09 22.469 1.302 4.471 22.86 -0.052 3.386 22.477 -1.056 7.793 23.22 0.6
3.309 23.217 -2.154 2.284 22.95 -3.167 2.615 21.754 -4.053 3.598 25.312 -6.631
1.585 21.174 -4.657 1.794 20.053 -5.564 2.278 20.586 -6.913 0.756 17.86 -6.045
3.365 20.014 -7.418 3.964 20.494 -8.658 3.661 19.587 -9.839 7.124 23.206 -7.143
3.16 18.391 -9.547 2.836 17.4 -10.575 2.293 18.025 -11.862 1.26 16.691 -9.776
