IKNASIKRKLFGLANTIREQAL
CCCHHHHHHHHHHHHHHHHHHC
53.216 33.298 12.41 53.505 34.277 11.321 53.463 33.607 9.951 55.786 34.752 11.869
52.569 34.097 9.101 52.394 33.577 7.752 51.149 34.238 7.2 51.388 30.331 8.52
50.028 33.922 7.833 48.733 34.458 7.461 48.556 35.772 8.211 46.35 33.828 7.339
49.071 35.81 9.436 48.983 37.0 10.263 49.662 38.184 9.581 49.621 36.745 11.619
50.783 37.921 8.914 51.522 38.974 8.231 50.715 39.529 7.06 53.276 38.97 7.474
50.052 38.637 6.328 49.235 39.021 5.178 47.984 39.762 5.631 48.966 37.384 3.404
47.512 39.429 6.828 46.329 40.07 7.377 46.685 41.464 7.882 44.12 37.486 8.456
47.897 41.615 8.412 48.351 42.904 8.914 48.659 43.85 7.76 50.508 41.627 12.323
49.174 43.278 6.674 49.522 44.034 5.477 48.281 44.535 4.728 51.413 44.519 2.931
47.278 43.674 4.593 46.058 44.056 3.899 45.257 44.998 4.771 45.514 42.189 2.266
45.39 44.838 6.081 44.702 45.719 7.01 45.367 47.103 6.881 43.803 46.636 10.158
46.693 47.101 6.781 47.436 48.338 6.639 47.06 49.059 5.358 48.103 48.646 7.318
46.768 48.286 4.318 46.396 48.856 3.032 44.996 49.45 3.024 47.872 47.652 1.35
44.035 48.75 3.618 42.677 49.272 3.677 42.747 50.617 4.408 41.751 48.286 4.419
43.712 50.736 5.324 43.949 51.944 6.121 44.441 53.152 5.314 44.33 51.496 8.508
45.527 52.987 4.563 46.079 54.073 3.755 45.205 54.406 2.539 47.886 53.388 3.486
44.28 53.512 2.205 43.402 53.745 1.071 42.476 54.9 1.4 42.874 52.162 -0.134
42.074 54.962 2.662 41.175 56.005 3.123 41.803 57.379 2.924 40.054 55.749 6.701
43.13 57.444 2.92 43.814 58.72 2.714 44.109 58.952 1.238 45.074 60.232 4.84
44.516 57.896 0.54 44.804 57.979 -0.891 43.516 58.377 -1.606 47.176 56.474 -1.054
42.406 58.333 -0.874 41.091 58.657 -1.422 40.89 60.125 -1.789 40.004 58.218 -0.445
41.471 60.538 -2.917 41.362 61.909 -3.419 42.446 62.233 -4.452 42.658 62.99 -1.827
