QSPMPLTVAAASPELASGKVWIRYPIVR
CCCCCCEEEECCHHHHCCCEEEEEECCC
16.678 64.002 36.904 17.65 62.965 36.579 17.358 61.677 37.341 20.504 64.743 36.433
17.357 60.558 36.623 17.401 59.244 37.253 18.568 59.139 38.229 17.646 57.518 36.488
18.271 58.722 39.455 19.313 58.449 40.45 20.334 57.439 39.938 17.539 58.302 41.046
19.921 56.598 38.995 20.691 55.414 38.633 20.66 55.175 37.127 20.538 52.186 39.39
21.26 56.092 36.375 21.236 56.022 34.91 21.915 54.758 34.393 22.406 57.284 35.663
21.305 54.117 33.401 21.924 52.968 32.729 22.292 53.37 31.295 20.404 51.098 33.884
23.515 53.054 30.917 23.982 53.256 29.554 23.267 52.269 28.594 25.828 52.915 29.964
23.135 51.032 29.042 22.336 50.049 28.389 21.619 49.169 29.41 23.708 49.068 27.461
20.496 48.623 29.01 19.68 47.839 29.974 20.448 46.715 30.67 18.469 47.273 29.319
21.382 46.111 29.964 22.311 45.119 30.484 23.078 45.514 31.749 23.298 44.686 29.429
23.232 46.8 31.964 23.865 47.303 33.169 23.093 47.046 34.472 24.166 48.725 33.035
21.78 46.874 34.388 20.946 46.362 35.493 19.622 45.833 34.942 20.211 47.178 37.068
19.615 44.596 34.448 18.389 44.013 33.927 17.239 44.07 34.938 19.838 42.87 33.926
17.562 44.005 36.223 16.549 43.97 37.28 15.823 45.31 37.357 18.544 42.29 38.314
16.589 46.391 37.292 16.005 47.726 37.342 15.383 48.107 36.002 16.865 50.179 37.998
15.945 47.573 34.922 15.448 47.857 33.581 14.18 47.064 33.281 16.52 47.559 32.544
14.022 45.932 33.959 12.855 45.08 33.766 11.744 45.435 34.748 12.721 43.184 33.674
12.07 46.273 35.726 11.089 46.697 36.743 10.856 45.616 37.823 10.644 47.592 36.706
11.839 44.774 38.068 11.756 43.761 39.157 12.247 44.339 40.526 12.232 40.7 36.99
12.957 45.456 40.454 13.39 46.2 41.641 13.291 47.661 41.312 15.311 46.148 42.221
13.079 48.466 42.339 12.792 49.872 42.125 13.638 50.728 43.043 9.547 47.857 41.579
13.88 51.939 42.58 14.574 52.886 43.394 13.621 53.314 44.49 15.836 54.305 42.01
14.168 53.467 45.702 13.397 53.996 46.819 13.565 55.536 47.037 12.407 50.215 46.648
12.457 56.275 46.871 12.308 57.734 47.098 11.579 58.068 48.422 12.721 58.034 43.377
11.904 59.218 49.079 13.008 60.138 48.746 14.346 59.401 48.785 12.065 60.493 50.364
15.269 59.806 47.919 16.606 59.225 47.897 17.412 59.65 49.12 17.322 58.85 46.046
17.842 58.67 49.909 18.753 58.924 51.019 20.086 59.475 50.524 19.03 57.595 52.415
20.408 60.695 50.942 21.724 61.268 50.688 22.351 61.801 51.973 20.232 62.449 46.821
