WSADERQRMLVQRKDELLQQARKRFLNK
CCHHHHHHHHHHHHHHHHHHHHHHHHCC
3.721 3.887 -20.982 4.911 4.497 -21.562 5.579 3.547 -22.548 5.2 6.4 -17.986
6.383 4.111 -23.44 7.184 3.315 -24.357 8.556 3.07 -23.74 7.653 4.69 -25.562
9.333 2.186 -24.354 10.685 1.924 -23.88 11.537 3.179 -24.007 11.308 0.785 -24.646
11.389 3.878 -25.124 12.131 5.119 -25.328 11.818 6.135 -24.232 12.638 6.825 -27.019
10.549 6.222 -23.844 10.145 7.134 -22.787 10.781 6.723 -21.473 6.935 7.921 -23.289
10.684 5.435 -21.164 11.247 4.899 -19.931 12.757 5.106 -19.844 8.96 1.532 -20.22
13.45 4.855 -20.948 14.899 4.955 -20.971 15.33 6.406 -20.761 15.493 2.706 -23.374
14.612 7.331 -21.392 14.886 8.752 -21.21 14.606 9.251 -19.788 12.798 10.298 -24.349
13.503 8.796 -19.201 13.165 9.14 -17.826 14.232 8.608 -16.868 10.083 8.408 -17.83
14.735 7.412 -17.158 15.746 6.788 -16.315 17.016 7.635 -16.315 16.431 4.268 -15.916
17.515 7.958 -17.507 18.701 8.793 -17.653 18.507 10.127 -16.938 19.546 8.982 -19.416
17.29 10.655 -17.003 16.962 11.906 -16.324 16.981 11.795 -14.794 14.288 13.913 -16.631
16.405 10.723 -14.264 16.419 10.494 -12.826 17.855 10.368 -12.31 14.099 8.183 -10.494
18.722 9.771 -13.121 20.11 9.562 -12.724 20.879 10.885 -12.673 21.394 6.557 -14.235
20.653 11.73 -13.668 21.316 13.026 -13.705 20.85 13.874 -12.538 21.592 13.098 -16.153
19.566 13.769 -12.218 18.957 14.605 -11.194 19.336 14.168 -9.785 15.976 15.178 -12.581
19.483 12.862 -9.606 19.978 12.307 -8.356 21.348 12.884 -8.03 20.174 9.96 -7.234
22.247 12.861 -9.007 23.593 13.385 -8.811 23.577 14.894 -8.55 25.924 13.288 -10.008
22.757 15.622 -9.298 22.691 17.069 -9.108 22.168 17.46 -7.731 21.783 18.377 -12.056
21.154 16.764 -7.235 20.611 17.102 -5.928 21.532 16.654 -4.791 18.663 18.207 -4.862
22.215 15.527 -4.973 23.161 15.072 -3.958 24.293 16.087 -3.812 23.712 13.7 -4.307
24.827 16.545 -4.941 25.868 17.575 -4.935 25.428 18.814 -4.181 27.891 17.26 -8.818
24.21 19.267 -4.459 23.653 20.433 -3.78 23.578 20.226 -2.274 20.576 22.609 -4.184
23.078 19.069 -1.861 22.94 18.797 -0.439 24.304 18.672 0.243 19.673 15.977 0.449
25.276 18.112 -0.466 26.62 17.968 0.076 27.279 19.334 0.259 29.838 16.869 -0.127
27.113 20.201 -0.74 27.685 21.55 -0.709 26.928 22.492 0.234 28.762 21.814 -3.095
25.623 22.279 0.364 24.784 23.072 1.256 25.118 22.809 2.72 22.414 23.34 1.968
25.536 21.58 3.005 25.88 21.17 4.359 27.253 21.702 4.764 25.883 19.34 6.519
