DEAQEELAWKIAKMIVSDVMQQAQYDQ
CHHHHHHHHHHHHHHHHHHHHHHHHCC
1.481 16.027 17.171 2.498 15.94 16.126 1.976 15.181 14.912 3.768 15.287 16.662
1.398 14.01 15.149 0.768 13.261 14.072 -0.471 14.003 13.618 1.211 10.139 15.051
-1.122 14.668 14.565 -2.217 15.567 14.239 -1.738 16.619 13.241 -2.76 16.225 15.5
-0.569 17.198 13.5 -0.004 18.208 12.606 0.179 17.652 11.202 1.328 18.732 13.144
0.941 16.569 11.095 1.276 15.984 9.802 0.032 15.566 9.019 3.325 13.436 9.05
-0.951 15.032 9.73 -2.235 14.676 9.14 -2.905 15.899 8.524 -4.851 14.542 11.057
-2.803 17.025 9.221 -3.379 18.28 8.76 -2.591 18.854 7.584 -4.009 20.595 9.72
-1.272 18.73 7.647 -0.417 19.188 6.556 -0.727 18.426 5.265 1.058 19.051 6.934
-0.97 17.124 5.382 -1.348 16.319 4.22 -2.651 16.803 3.606 1.071 13.736 3.372
-3.649 17.023 4.457 -4.946 17.508 4.007 -4.762 18.793 3.225 -7.682 18.483 5.972
-4.106 19.766 3.845 -3.855 21.037 3.172 -3.055 20.882 1.87 -3.407 22.714 4.777
-2.029 20.036 1.872 -1.227 19.835 0.662 -2.055 19.247 -0.481 -0.012 18.955 0.947
-2.909 18.274 -0.173 -3.793 17.693 -1.186 -4.786 18.728 -1.719 -4.812 14.325 -0.466
-5.184 19.663 -0.861 -6.042 20.774 -1.264 -5.333 21.643 -2.289 -7.732 22.01 0.894
-4.097 22.015 -1.982 -3.307 22.829 -2.891 -3.101 22.115 -4.226 -1.506 23.82 -1.672
-2.846 20.809 -4.18 -2.598 20.051 -5.403 -3.836 20.056 -6.301 -1.733 18.307 -5.357
-5.013 19.944 -5.691 -6.276 20.068 -6.415 -6.399 21.41 -7.118 -7.773 19.254 -5.574
-6.295 22.486 -6.349 -6.393 23.831 -6.898 -5.339 24.069 -7.977 -7.066 24.545 -4.632
-4.18 23.429 -7.84 -3.148 23.554 -8.865 -3.575 22.874 -10.168 -1.255 23.28 -8.446
-4.085 21.648 -10.078 -4.577 20.957 -11.269 -5.7 21.744 -11.954 -3.225 19.113 -10.922
-6.596 22.317 -11.156 -7.699 23.108 -11.688 -7.179 24.304 -12.484 -8.612 23.571 -10.56
-6.329 25.107 -11.852 -5.737 26.274 -12.497 -4.922 25.898 -13.736 -5.121 28.918 -12.108
-4.539 24.628 -13.837 -3.735 24.15 -14.96 -4.601 23.678 -16.124 -2.789 23.036 -14.511
-5.892 23.499 -15.862 -6.849 23.197 -16.915 -7.371 24.501 -17.513 -7.996 22.356 -16.374
-7.43 25.545 -16.688 -7.943 26.844 -17.116 -6.968 27.555 -18.049 -8.258 27.72 -15.906
-5.691 27.195 -17.95 -4.65 27.841 -18.742 -4.301 27.05 -20.002 -3.654 28.907 -16.745
-4.409 25.726 -19.929 -4.126 24.864 -21.077 -4.29 23.388 -20.728 -2.722 25.126 -21.613
