TIDSISNGILNNLLTTLIQDIVARET
CHHHHHHHHHHHHHHHHHHHHHHHCC
6.003 69.473 -0.063 6.295 68.729 1.162 5.44 67.474 1.28 6.568 70.116 2.432
5.894 66.53 2.096 5.165 65.289 2.304 3.865 65.59 3.027 6.512 63.406 2.959
3.89 66.587 3.904 2.681 66.976 4.614 1.773 67.794 3.711 3.38 66.889 6.983
2.353 68.57 2.801 1.535 69.375 1.905 0.831 68.472 0.892 2.777 70.142 0.689
1.479 67.369 0.522 0.867 66.389 -0.374 -0.159 65.557 0.394 2.543 65.362 -1.735
0.16 65.235 1.645 -0.767 64.529 2.523 -2.073 65.294 2.608 0.406 64.024 3.937
-1.954 66.599 2.814 -3.112 67.467 2.949 -3.826 67.653 1.62 -2.693 68.84 4.961
-3.064 67.586 0.535 -3.63 67.655 -0.798 -4.526 66.462 -1.077 -3.433 68.408 -1.426
-4.144 65.302 -0.549 -4.93 64.084 -0.727 -6.205 64.133 0.105 -3.802 62.463 -1.162
-6.069 64.441 1.39 -7.224 64.489 2.276 -8.234 65.523 1.784 -7.756 64.554 4.787
-7.732 66.66 1.31 -8.59 67.718 0.789 -9.293 67.268 -0.48 -8.62 70.09 0.115
-8.572 66.556 -1.338 -9.172 66.011 -2.546 -10.289 65.026 -2.215 -8.65 64.818 -4.646
-10.035 64.164 -1.236 -10.986 63.142 -0.818 -12.231 63.748 -0.185 -9.47 61.097 -0.208
-12.034 64.788 0.615 -13.137 65.403 1.338 -14.001 66.268 0.421 -12.328 65.582 3.813
-13.382 67.06 -0.45 -14.147 67.964 -1.31 -14.831 67.209 -2.443 -12.731 69.194 -1.803
-14.345 66.011 -2.747 -15.045 65.137 -3.676 -16.352 64.677 -3.033 -14.138 63.694 -4.583
-16.27 64.236 -1.78 -17.456 63.848 -1.021 -18.427 65.018 -0.862 -17.006 61.919 0.72
-17.91 66.152 -0.393 -18.717 67.35 -0.174 -19.501 67.705 -1.432 -17.395 68.986 0.96
-18.805 67.75 -2.564 -19.43 68.04 -3.85 -20.628 67.135 -4.1 -16.993 68.675 -6.065
-20.426 65.834 -3.917 -21.482 64.851 -4.124 -22.703 65.168 -3.266 -19.978 62.989 -4.728
-22.457 65.587 -2.028 -23.528 65.885 -1.081 -24.281 67.161 -1.459 -22.718 65.483 1.141
-23.541 68.198 -1.84 -24.136 69.474 -2.222 -24.959 69.347 -3.505 -22.985 71.058 -2.182
-24.486 68.514 -4.428 -25.091 68.395 -5.753 -26.513 67.846 -5.684 -24.23 67.514 -6.647
-26.737 66.899 -4.779 -28.074 66.363 -4.547 -29.01 67.479 -4.094 -25.812 62.958 -2.472
-28.447 68.462 -3.396 -29.199 69.622 -2.916 -30.227 69.245 -1.851 -29.715 70.894 -5.959
-30.186 68.001 -1.383 -31.132 67.543 -0.368 -30.715 66.199 0.227 -32.94 67.006 -0.863
