FPSDEFDASISQVNEKINQSLAFIRKSDELLHNVN
CCHHHHHHHHHHHHHHHHHHHHHHHHHHHHHHCCC
24.534 -8.417 -16.855 23.541 -7.334 -16.575 22.28 -7.635 -17.34 22.544 -4.032 -16.611
21.124 -7.614 -16.651 20.942 -7.354 -15.216 21.069 -8.61 -14.362 19.403 -7.36 -16.264
21.813 -8.507 -13.271 22.09 -9.663 -12.405 21.107 -9.757 -11.225 23.62 -9.036 -11.416
20.356 -8.692 -10.972 19.512 -8.591 -9.797 18.568 -7.392 -9.905 21.262 -7.336 -8.531
17.788 -7.123 -8.876 16.783 -6.071 -8.894 17.401 -4.667 -8.934 16.984 -6.603 -6.203
18.632 -4.531 -8.451 19.298 -3.226 -8.48 19.611 -2.94 -9.935 21.803 -1.118 -7.704
20.224 -3.903 -10.632 20.499 -3.76 -12.05 19.215 -3.58 -12.867 22.55 -5.18 -12.028
18.156 -4.273 -12.518 16.866 -4.1 -13.223 16.322 -2.678 -13.05 15.834 -5.113 -12.743
16.457 -2.098 -11.865 16.078 -0.702 -11.651 16.938 0.261 -12.477 15.752 -0.688 -9.794
18.225 0.008 -12.598 19.092 0.803 -13.43 18.598 0.746 -14.901 21.11 1.009 -12.787
18.227 -0.445 -15.366 17.674 -0.612 -16.701 16.41 0.21 -16.871 17.188 -2.184 -17.644
15.567 0.265 -15.856 14.353 1.041 -15.877 14.71 2.533 -16.005 11.91 1.172 -13.589
15.743 3.002 -15.303 16.142 4.412 -15.448 16.51 4.657 -16.907 17.349 5.177 -14.127
17.303 3.775 -17.505 17.685 3.925 -18.892 16.434 3.921 -19.795 19.998 3.054 -18.789
15.44 3.094 -19.521 14.232 3.104 -20.337 13.515 4.436 -20.218 13.171 0.294 -20.997
13.433 5.02 -19.018 12.828 6.337 -18.839 13.603 7.469 -19.518 10.26 5.912 -17.143
14.919 7.405 -19.545 15.698 8.359 -20.295 15.356 8.225 -21.786 17.896 8.415 -19.445
15.26 7.001 -22.282 14.961 6.803 -23.718 13.547 7.285 -24.031 16.46 4.914 -24.18
12.614 7.11 -23.153 11.247 7.625 -23.32 11.243 9.153 -23.379 9.371 5.543 -21.523
12.013 9.791 -22.486 12.184 11.221 -22.494 12.688 11.711 -23.848 13.219 12.333 -21.351
13.766 11.112 -24.317 14.348 11.505 -25.602 13.361 11.296 -26.732 16.91 11.118 -25.212
12.554 10.249 -26.677 11.526 9.979 -27.694 10.46 11.042 -27.738 10.879 8.654 -27.426
9.958 11.448 -26.581 8.994 12.546 -26.481 9.582 13.894 -26.954 6.738 10.978 -24.362
10.852 14.175 -26.687 11.491 15.346 -27.246 11.565 15.223 -28.775 12.714 16.373 -25.955
11.897 14.063 -29.3 11.961 13.893 -30.75 10.633 14.268 -31.341 12.721 10.625 -33.929
9.553 13.771 -30.799 8.24 14.062 -31.318 7.943 15.55 -31.252 5.171 13.052 -31.889
8.262 16.21 -30.141 8.069 17.635 -30.016 8.865 18.395 -31.072 8.416 18.772 -28.521
10.121 18.088 -31.227 10.994 18.704 -32.253 10.403 18.539 -33.649 13.25 18.655 -31.192
9.907 17.35 -33.968 9.34 17.049 -35.299 8.108 17.885 -35.556 9.945 13.763 -35.594
7.208 18.02 -34.576 6.048 18.927 -34.656 6.473 20.385 -34.886 4.188 17.724 -33.227
7.518 20.854 -34.229 7.976 22.245 -34.371 8.651 22.519 -35.712 8.407 22.935 -31.941
9.338 21.532 -36.262 10.032 21.733 -37.531 9.015 21.749 -38.652 12.755 20.98 -36.266
7.779 21.375 -38.331 6.624 21.526 -39.207 5.831 22.842 -39.004 4.768 20.115 -40.037
6.293 23.715 -38.103 5.637 24.999 -37.852 6.292 26.108 -38.689 5.239 25.559 -36.013
5.441 26.961 -39.262 5.857 28.187 -39.94 4.907 29.328 -39.568 5.856 27.98 -41.456
