TASKMKLLKKKIEEQREILQKTHHK
CHHHHHHHHHHHHHHHHHHHHHHCC
5.002 16.597 4.552 6.294 17.215 4.829 6.109 18.507 5.615 6.884 17.442 2.997
4.879 19.007 5.641 4.569 20.234 6.361 4.92 20.089 7.84 3.1 20.582 6.193
4.684 18.899 8.385 4.948 18.628 9.794 6.44 18.671 10.096 3.68 17.246 10.114
7.237 18.139 9.178 8.68 18.078 9.359 9.297 19.473 9.381 10.989 15.847 8.078
8.767 20.364 8.549 9.294 21.715 8.451 8.96 22.509 9.701 9.526 23.935 6.081
7.78 22.28 10.257 7.415 22.97 11.478 8.356 22.532 12.587 4.54 23.723 13.718
8.713 21.249 12.589 9.597 20.696 13.613 10.989 21.306 13.526 10.28 18.378 14.567
11.485 21.476 12.306 12.812 22.031 12.082 12.854 23.491 12.51 14.532 22.134 10.124
11.763 24.205 12.243 11.656 25.604 12.618 11.658 25.726 14.134 9.977 27.151 9.766
10.9 24.861 14.792 10.858 24.844 16.246 12.258 24.569 16.817 9.086 22.605 18.776
12.962 23.605 16.229 14.31 23.259 16.678 15.328 24.374 16.46 14.425 19.695 16.517
15.211 25.092 15.351 16.055 26.256 15.103 15.796 27.334 16.158 16.172 26.799 12.766
14.526 27.583 16.459 14.195 28.58 17.462 14.775 28.193 18.818 11.051 29.345 16.574
14.714 26.907 19.177 15.314 26.428 20.434 16.826 26.707 20.5 13.741 23.454 20.881
17.539 26.451 19.403 18.99 26.709 19.321 19.322 28.203 19.394 20.021 24.392 18.95
18.521 29.042 18.745 18.687 30.495 18.869 18.55 30.969 20.319 16.686 31.605 14.77
17.593 30.417 21.054 17.427 30.788 22.457 18.626 30.338 23.291 15.093 31.882 22.771
19.132 29.139 23.015 20.31 28.654 23.712 21.504 29.58 23.464 20.556 26.261 23.627
21.69 30.006 22.217 22.795 30.895 21.858 22.67 32.217 22.601 23.931 31.699 19.626
21.448 32.738 22.656 21.194 33.987 23.373 21.504 33.856 24.867 18.371 35.745 23.653
21.113 32.731 25.456 21.337 32.502 26.877 22.841 32.466 27.165 20.169 30.235 29.473
23.602 31.925 26.229 25.055 31.857 26.374 25.701 33.236 26.306 26.032 30.523 25.378
25.2 34.089 25.418 25.716 35.451 25.267 25.439 36.339 26.479 25.921 35.43 22.076
24.289 36.141 27.112 23.903 36.95 28.262 24.854 36.717 29.44 21.709 37.97 30.277
25.302 35.475 29.6 26.214 35.111 30.681 27.531 35.878 30.579 25.019 31.757 31.121
