EWEALEKKCAALESKLQALEKKLEALEHG
CHHHHHHHHHHHHHHHHHHHHHHHHHHHC
-7.894 9.192 20.327 -6.962 8.097 20.566 -6.863 7.249 19.295 -5.978 6.861 22.946
-8.029 6.894 18.76 -8.043 6.036 17.597 -7.496 6.755 16.357 -9.167 2.973 15.786
-7.967 7.971 16.157 -7.531 8.817 15.036 -6.005 9.026 15.124 -10.207 9.654 15.797
-5.453 9.25 16.312 -3.984 9.37 16.455 -3.206 8.137 16.048 -3.625 9.754 17.845
-3.719 6.961 16.393 -3.083 5.702 16.025 -3.097 5.53 14.537 -2.954 3.308 17.089
-4.245 5.812 13.884 -4.317 5.725 12.416 -3.341 6.614 11.725 -7.52 5.634 11.6
-3.185 7.834 12.227 -2.236 8.794 11.676 -0.814 8.321 11.918 -4.028 12.018 12.087
-0.514 7.761 13.107 0.807 7.226 13.35 1.173 6.099 12.357 2.694 5.998 16.415
0.253 5.219 12.046 0.521 4.167 11.074 0.722 4.675 9.653 -0.561 2.667 11.916
-0.024 5.688 9.273 0.179 6.346 7.982 1.559 7.018 7.905 -0.948 7.357 7.717
2.055 7.606 8.973 3.377 8.229 9.022 4.391 7.133 8.907 3.606 9.024 10.313
4.214 6.062 9.643 5.172 4.963 9.543 5.243 4.405 8.147 5.262 3.858 11.881
4.189 4.258 7.471 4.196 3.703 6.162 4.94 4.572 5.149 1.735 2.564 4.175
4.769 5.876 5.239 5.519 6.804 4.42 6.998 6.707 4.752 4.31 8.216 4.398
7.362 6.629 6.008 8.754 6.614 6.404 9.411 5.337 5.945 8.333 8.374 9.679
8.714 4.227 5.962 9.257 2.958 5.545 9.468 2.936 4.068 8.478 1.056 7.102
8.546 3.517 3.315 8.705 3.53 1.884 9.935 4.369 1.485 5.569 3.706 0.798
10.136 5.46 2.161 11.308 6.273 1.881 12.552 5.527 2.244 11.225 7.632 2.649
12.563 4.817 3.365 13.749 4.065 3.78 14.059 2.95 2.783 14.084 4.045 6.323
13.057 2.286 2.268 13.275 1.287 1.243 13.995 1.887 0.064 11.673 -0.89 -0.608
13.567 3.079 -0.361 14.2 3.651 -1.556 15.626 4.108 -1.262 11.45 3.798 -3.078
15.887 4.562 -0.04 17.232 5.002 0.287 18.151 3.811 0.388 16.075 7.479 2.685
17.691 2.681 0.963 18.513 1.434 0.957 18.771 0.979 -0.434 17.982 0.264 3.255
17.733 1.056 -1.327 17.959 0.606 -2.684 19.069 1.422 -3.326 16.602 -0.927 -4.518
19.061 2.733 -3.099 20.157 3.575 -3.6 21.508 3.167 -3.077 19.888 5.066 -3.283
21.604 2.954 -1.78 22.911 2.564 -1.169 23.389 1.268 -1.704 22.894 3.749 1.137
22.458 0.318 -1.87 22.772 -1.007 -2.439 23.505 -0.842 -3.702 20.578 -3.293 -3.515
23.204 0.208 -4.437 23.74 0.428 -5.765 24.805 1.541 -5.791 21.253 -1.067 -6.978
25.409 1.781 -4.662 26.496 2.746 -4.579 26.089 4.051 -3.923 27.409 2.538 -4.929
