FISELPSEEGKKLEHFTKLRPKRNKKQQPTQAA
CCCCCCCCCCCCHHHHHHCCCCCCCCCCCCCCC
-8.923 22.21 48.362 -7.586 22.349 47.706 -7.701 23.021 46.33 -7.844 19.256 46.124
-6.743 23.879 45.98 -5.591 24.222 46.806 -5.856 25.522 47.572 -3.801 23.666 45.913
-5.543 25.539 48.868 -5.709 26.727 49.723 -4.584 26.794 50.75 -7.014 26.16 50.972
-4.296 27.994 51.265 -3.247 28.151 52.275 -3.576 27.397 53.568 -3.079 31.063 53.905
-2.594 26.63 54.042 -2.754 25.687 55.156 -2.355 26.32 56.505 -2.268 23.31 53.966
-2.908 25.801 57.625 -2.689 26.382 58.955 -1.275 26.211 59.521 -3.907 24.937 58.865
-0.881 27.123 60.405 0.425 27.076 61.055 0.277 27.285 62.561 1.999 28.111 60.756
0.971 26.452 63.338 0.96 26.587 64.792 2.122 27.425 65.333 -0.294 23.712 65.965
2.872 28.056 64.432 4.048 28.841 64.823 3.756 30.179 65.509 6.377 28.03 62.579
2.558 30.722 65.299 2.123 31.957 65.966 2.591 33.264 65.335 1.553 31.912 66.786
3.824 33.273 64.834 4.446 34.49 64.332 5.309 34.17 63.122 4.625 35.812 67.713
5.449 35.149 62.242 6.326 35.02 61.097 7.772 34.898 61.572 4.714 35.744 58.515
8.61 34.194 60.82 10.051 34.261 61.073 10.524 35.639 60.646 10.891 31.816 60.616
11.446 36.238 61.382 12.065 37.47 60.888 13.355 37.187 60.105 12.752 38.596 63.899
13.579 37.977 59.058 14.717 37.769 58.153 15.691 38.935 58.272 12.585 36.125 56.58
16.696 38.751 59.139 17.66 39.786 59.496 18.476 40.247 58.298 17.701 38.955 62.865
18.739 39.342 57.356 19.56 39.69 56.197 18.847 40.64 55.221 19.893 37.915 55.532
17.526 40.778 55.354 16.755 41.708 54.525 17.218 43.148 54.753 13.151 41.468 54.305
17.668 43.406 55.973 17.926 44.755 56.431 19.376 45.166 56.211 16.235 44.881 58.482
20.16 44.288 55.597 21.558 44.566 55.341 21.693 45.591 54.25 23.249 40.344 54.878
22.729 46.445 54.351 23.021 47.447 53.324 23.25 46.794 51.975 24.301 47.25 54.7
22.719 47.421 50.932 22.837 46.914 49.57 24.019 47.531 48.832 19.19 46.128 49.167
24.724 46.709 48.067 25.784 47.158 47.167 25.192 47.096 45.773 29.631 45.221 45.368
25.31 48.193 45.031 24.818 48.225 43.668 25.81 47.613 42.69 23.316 50.175 44.011
25.311 46.744 41.821 26.14 46.18 40.763 25.996 46.963 39.475 25.937 42.669 41.54
27.045 46.93 38.662 27.018 47.527 37.339 26.399 46.557 36.332 29.388 50.224 37.49
26.512 45.254 36.598 25.788 44.234 35.824 25.266 43.048 36.623 28.281 43.825 33.658
24.043 42.644 36.299 23.408 41.495 36.933 23.933 40.189 36.344 21.662 42.557 38.546
23.857 39.098 37.129 24.436 37.799 36.787 23.808 37.148 35.566 23.68 37.95 38.498
24.614 36.363 34.85 24.134 35.466 33.795 23.384 34.305 34.48 25.494 35.151 32.413
24.143 33.552 35.304 23.612 32.477 36.147 23.892 32.785 37.608 24.266 29.487 34.715
23.041 32.266 38.485 23.223 32.388 39.928 24.434 31.593 40.439 21.961 31.942 40.639
24.538 30.341 39.994 25.639 29.463 40.35 26.932 29.92 39.673 25.308 28.021 39.95
