ATNATLDPRSFLLRNPNDKYEPFWE
CCCCCCCHHHHHCCCCCCCCCCCCC
8.158 -26.151 8.809 7.145 -25.796 7.822 5.729 -25.749 8.413 7.207 -26.793 6.643
5.289 -24.595 8.947 3.872 -24.456 9.385 3.253 -23.055 9.281 3.399 -24.775 11.281
2.206 -22.958 8.453 1.442 -21.717 8.253 0.153 -21.661 9.099 2.244 -21.629 5.902
0.052 -22.528 10.109 -1.137 -22.606 10.959 -1.58 -21.238 11.529 -0.914 -23.615 12.089
-0.605 -20.397 11.881 -0.869 -19.11 12.545 -0.825 -17.913 11.575 0.546 -19.214 13.874
-0.75 -18.178 10.268 -0.689 -17.072 9.273 -2.005 -16.296 9.228 -0.063 -16.656 6.707
-1.918 -14.982 9.396 -3.106 -14.136 9.468 -3.032 -13.138 8.34 -3.427 -14.226 11.926
-3.701 -13.447 7.209 -3.774 -12.46 6.134 -4.424 -11.192 6.654 -4.554 -14.146 5.801
-3.849 -10.052 6.302 -4.362 -8.77 6.834 -5.616 -8.127 6.174 -0.779 -7.706 9.466
-6.464 -8.885 5.521 -7.804 -8.275 5.686 -9.039 -8.951 6.316 -8.552 -6.838 4.794
-9.532 -8.326 7.393 -10.934 -8.512 7.816 -11.651 -7.218 8.252 -10.337 -9.424 11.112
-12.976 -7.299 8.35 -13.836 -6.145 8.084 -14.984 -5.923 9.085 -14.313 -7.426 5.726
-15.615 -4.745 8.989 -16.768 -4.339 9.821 -17.204 -2.879 9.552 -17.385 -4.924 12.387
-18.408 -2.529 10.019 -18.878 -1.135 10.117 -18.978 -0.806 11.601 -22.649 -2.347 7.718
-17.877 -0.324 12.18 -17.692 -0.32 13.647 -18.68 0.451 14.54 -15.873 -0.492 15.349
-19.158 1.641 14.098 -20.197 2.304 14.895 -21.375 1.361 15.161 -19.611 3.238 13.377
-21.702 0.56 14.143 -22.737 -0.487 14.13 -23.712 -0.23 12.98 -24.732 -0.032 15.598
-23.711 -1.147 12.011 -24.615 -1.105 10.854 -24.339 0.017 9.821 -26.498 -2.118 12.176
-23.304 0.855 10.021 -23.212 2.1 9.217 -21.903 2.72 8.69 -26.101 3.474 10.5
-21.827 2.712 7.366 -21.149 3.694 6.554 -22.236 4.603 5.993 -18.102 1.613 6.312
-21.896 5.836 5.622 -22.913 6.718 5.007 -23.03 6.352 3.53 -21.978 9.791 6.156
-24.238 6.462 2.945 -24.437 6.108 1.531 -23.692 7.039 0.55 -25.94 6.749 2.446
-23.356 6.489 -0.621 -22.727 7.24 -1.706 -23.195 6.903 -3.143 -20.387 4.801 -1.379
-22.947 7.877 -4.019 -22.954 7.809 -5.5 -24.26 8.121 -6.245 -20.817 6.616 -8.769
-25.081 7.085 -6.407 -26.177 7.054 -7.383 -25.753 7.385 -8.834 -28.315 7.294 -8.385
