SSSEGFICPQCMKSLGSADELFKHYEAVHDAGND
CCCCCCCCHHHHHHHCCHHHHHHHHHHHHHCCCC
39.088 38.294 10.677 37.701 38.007 11.148 36.671 38.403 10.099 36.718 38.69 12.604
36.05 37.402 9.481 35.13 37.614 8.365 33.959 38.509 8.748 34.141 36.38 7.307
33.542 39.354 7.81 32.41 40.247 8.035 31.097 39.511 7.791 32.316 41.324 6.466
31.196 38.219 7.462 30.043 37.36 7.221 30.268 35.973 7.824 28.612 36.255 4.408
29.208 35.429 8.401 29.236 34.096 8.973 28.429 34.112 10.244 29.718 33.318 8.57
28.693 33.136 11.105 28.051 33.084 12.403 28.718 34.042 13.401 26.904 30.105 11.195
28.635 35.334 13.08 29.153 36.421 13.926 28.19 36.766 15.056 29.942 38.091 12.458
28.738 36.906 16.254 27.97 37.394 17.387 27.782 38.898 17.24 28.278 37.43 19.418
26.527 39.358 17.11 26.31 40.81 16.981 26.731 41.653 18.203 24.764 39.732 16.967
26.907 41.018 19.363 27.273 41.73 20.59 28.764 42.031 20.735 25.433 42.141 22.647
29.606 41.062 20.4 31.047 41.269 20.514 31.79 41.036 19.206 31.578 39.53 21.486
31.049 40.758 18.137 31.632 40.493 16.813 32.486 39.216 16.755 31.028 43.125 15.808
32.483 38.419 17.826 33.156 37.109 17.803 32.613 36.261 16.644 34.306 34.616 20.187
33.525 35.734 15.834 33.155 34.829 14.759 33.232 33.393 15.258 33.784 34.703 12.981
32.106 32.685 15.192 32.065 31.29 15.614 31.871 30.382 14.409 31.144 31.812 17.978
32.258 29.114 14.554 32.363 28.199 13.419 31.055 27.624 12.926 33.252 27.985 13.015
30.036 27.648 13.772 28.74 27.103 13.391 27.636 27.887 14.075 28.644 25.568 14.492
26.396 27.681 13.637 25.24 28.262 14.315 25.165 27.787 15.766 23.965 27.947 13.575
25.333 26.482 15.989 25.264 25.923 17.342 26.312 26.54 18.263 25.185 23.815 18.638
27.532 26.72 17.758 28.585 27.389 18.528 28.221 28.856 18.854 31.462 26.146 17.231
27.551 29.537 17.916 27.033 30.896 18.143 25.955 30.955 19.224 26.196 32.969 16.691
24.94 30.093 19.13 23.905 30.0 20.166 24.517 29.694 21.526 21.131 29.552 18.214
25.401 28.689 21.561 26.173 28.346 22.756 26.925 29.561 23.298 27.304 24.652 22.296
27.738 30.191 22.446 28.512 31.362 22.852 27.612 32.446 23.437 29.908 34.05 22.025
26.56 32.812 22.705 25.654 33.891 23.12 25.027 33.634 24.496 23.24 36.7 22.339
24.529 32.421 24.713 23.879 32.097 25.989 24.841 32.075 27.191 21.341 31.639 25.603
26.101 31.749 26.931 27.118 31.704 27.976 27.652 33.088 28.347 28.255 30.802 27.552
27.632 34.015 27.427 28.245 35.288 27.67 27.311 36.462 27.644 29.814 35.639 26.733
26.248 36.411 26.868 25.351 37.557 26.793 23.939 37.491 27.314 27.211 38.379 24.47
23.495 36.368 27.824 22.124 36.289 28.26 21.988 36.4 29.771 20.268 34.691 28.263
21.549 37.537 30.293 20.974 37.626 31.635 21.794 36.988 32.755 19.592 37.07 31.641
23.11 37.136 32.698 23.995 36.45 33.608 24.318 35.005 33.3 24.36 36.942 34.398
23.301 34.168 33.179 23.434 32.865 32.581 22.149 32.251 32.187 25.065 31.021 32.592
22.27 30.958 31.97 21.26 30.132 31.376 21.732 29.963 29.973 19.079 30.317 32.437
