PSPREQLMESIRKGKELKQA
CCHHHHHHHHHHHCHHHHHC
-48.498 45.093 28.264 -48.076 44.554 26.976 -47.722 45.65 25.968 -49.911 44.429 27.388
-46.494 45.604 25.453 -46.006 46.594 24.491 -46.691 46.432 23.125 -44.284 46.008 23.886
-46.639 47.478 22.27 -47.213 47.405 20.92 -46.693 46.221 20.097 -46.518 49.071 21.426
-45.475 45.775 20.401 -44.868 44.623 19.739 -45.35 43.308 20.353 -41.1 42.884 18.377
-45.543 43.309 21.673 -46.071 42.153 22.406 -47.459 41.773 21.895 -44.616 41.707 24.918
-48.244 42.792 21.551 -49.606 42.616 21.055 -49.636 42.251 19.569 -50.968 45.198 22.709
-48.54 42.538 18.866 -48.376 42.127 17.472 -48.099 40.627 17.384 -46.835 42.848 15.389
-47.214 40.144 18.255 -46.85 38.728 18.31 -48.01 37.863 18.8 -44.222 39.19 17.86
-48.849 38.437 19.66 -50.034 37.755 20.176 -51.11 37.607 19.098 -51.814 38.423 22.953
-51.153 38.557 18.166 -52.098 38.508 17.05 -51.668 37.499 15.986 -52.579 40.338 16.886
-50.357 37.378 15.783 -49.793 36.401 14.85 -50.069 34.973 15.333 -47.643 37.154 14.143
-49.896 34.75 16.635 -50.168 33.449 17.253 -51.66 33.121 17.282 -47.748 34.342 20.386
-52.495 34.158 17.344 -53.946 33.995 17.283 -54.383 33.575 15.879 -57.012 35.734 17.81
-53.641 34.035 14.873 -53.962 33.77 13.471 -55.061 34.687 12.968 -53.498 33.065 12.935
-55.463 34.494 11.712 -56.569 35.258 11.118 -57.095 34.676 9.8 -55.813 38.289 9.561
-58.336 35.036 9.475 -59.004 34.626 8.239 -58.502 35.431 7.044 -61.559 33.134 8.311
-58.409 34.776 5.888 -57.917 35.423 4.671 -58.938 35.385 3.524 -55.261 35.076 4.874
-58.864 36.382 2.64 -59.898 36.648 1.624 -59.982 35.626 0.479 -60.029 40.223 2.164
-60.797 35.934 -0.533 -61.166 34.947 -1.554 -61.166 35.422 -3.01 -61.773 32.571 -0.651
-61.092 34.448 -3.917 -61.204 34.673 -5.356 -61.84 33.463 -6.038 -59.84 34.969 -5.96
