AELEVECATQLRRFGDKLNFRQKLL
CCHHHHHHHHHHHHHHHHCHHHHHC
11.159 -8.859 28.421 9.72 -9.062 28.277 9.376 -10.541 28.133 9.187 -8.277 27.085
8.111 -10.879 28.372 7.642 -12.251 28.204 6.913 -12.408 26.874 4.787 -12.943 29.7
6.611 -11.285 26.229 5.907 -11.306 24.951 6.842 -11.661 23.8 3.909 -9.714 25.28
8.045 -11.1 23.811 9.047 -11.472 22.821 9.521 -12.91 23.039 11.447 -9.529 24.031
9.542 -13.352 24.29 9.911 -14.731 24.58 8.785 -15.684 24.181 10.705 -15.231 26.286
7.564 -15.339 24.573 6.387 -16.112 24.208 6.267 -16.223 22.684 4.044 -17.096 25.06
6.552 -15.134 21.973 6.568 -15.155 20.508 7.667 -16.064 19.963 6.054 -13.204 19.975
8.896 -15.843 20.419 10.053 -16.569 19.9 9.941 -18.068 20.14 11.334 -16.033 20.51
9.483 -18.432 21.333 9.359 -19.83 21.725 8.333 -20.568 20.875 9.25 -20.272 23.609
7.224 -19.896 20.574 6.159 -20.481 19.763 6.554 -20.589 18.294 4.089 -20.745 21.371
7.224 -19.565 17.777 7.739 -19.622 16.415 8.768 -20.742 16.294 7.651 -17.12 15.501
9.63 -20.868 17.299 10.667 -21.895 17.288 10.065 -23.292 17.207 13.898 -21.921 20.259
9.101 -23.572 18.081 8.449 -24.88 18.122 7.723 -25.213 16.824 7.446 -26.411 21.8
7.013 -24.239 16.268 6.374 -24.423 14.972 7.428 -24.683 13.905 3.252 -23.206 15.556
8.49 -23.884 13.924 9.584 -24.045 12.985 10.15 -25.453 12.99 9.904 -23.29 12.413
10.46 -25.95 14.184 11.008 -27.291 14.336 10.007 -28.391 13.956 12.705 -26.678 16.028
8.735 -28.211 14.308 7.694 -29.175 13.934 7.519 -29.24 12.425 5.174 -28.702 16.815
7.615 -28.089 11.77 7.477 -28.025 10.321 8.697 -28.624 9.631 7.05 -26.211 8.482
9.858 -28.462 10.255 11.104 -28.945 9.671 11.241 -30.473 9.652 13.542 -28.538 9.689
11.181 -31.11 10.819 11.308 -32.568 10.873 10.145 -33.247 10.147 9.275 -32.99 13.605
9.104 -32.466 9.879 7.839 -32.977 9.371 7.863 -33.135 7.858 4.463 -30.988 8.469
8.699 -32.335 7.207 8.607 -32.158 5.766 9.076 -33.35 4.933 7.873 -30.21 4.246
10.35 -33.698 5.063 10.964 -34.684 4.179 11.128 -36.062 4.83 14.543 -34.866 2.819
11.774 -36.103 5.994 11.991 -37.355 6.726 12.966 -38.301 6.016 9.739 -37.807 8.093
14.062 -37.742 5.509 15.118 -38.514 4.855 15.335 -39.874 5.514 16.778 -36.982 6.106
