EVAADVVIGPVLLSADHHHHHH
CCCCCEEECCEEECCCCCCCCC
32.607 91.6 126.842 33.136 91.154 125.552 34.449 90.381 125.717 32.895 93.871 125.806
34.351 89.064 125.908 35.551 88.233 125.941 35.824 87.612 124.574 35.685 87.019 127.423
36.969 87.949 123.999 37.225 87.648 122.601 38.723 87.602 122.339 36.558 88.698 121.73
39.095 87.232 121.115 40.483 87.214 120.682 40.543 87.195 119.155 41.191 86.0 121.222
41.639 87.7 118.602 41.916 87.554 117.172 42.848 86.371 116.991 41.691 89.971 116.774
42.491 85.475 116.084 43.311 84.309 115.795 43.63 84.282 114.294 42.735 82.634 116.571
44.905 84.112 113.957 45.331 84.014 112.559 45.633 82.569 112.187 46.633 85.282 111.894
45.193 82.177 111.002 45.494 80.87 110.436 46.246 81.05 109.108 43.829 79.288 109.783
47.35 80.326 108.938 48.103 80.354 107.687 49.584 80.176 107.961 47.675 80.475 106.791
50.433 80.332 106.931 50.045 80.648 105.549 49.393 79.46 104.853 51.893 80.492 105.87
48.261 79.678 104.195 47.667 78.647 103.371 48.272 78.817 101.96 45.766 78.378 103.543
48.966 77.795 101.471 49.67 77.881 100.181 48.868 77.248 99.064 52.074 77.797 101.045
48.643 78.024 98.023 47.902 77.558 96.862 48.863 77.15 95.758 45.95 79.258 97.236
48.331 76.508 94.728 49.157 76.126 93.587 49.636 77.353 92.802 48.186 75.514 92.08
50.756 77.213 92.104 51.281 78.308 91.292 50.646 78.373 89.898 52.78 78.177 91.157
49.7 77.48 89.616 49.128 77.347 88.273 47.84 78.157 88.152 48.255 75.665 86.66
47.932 79.382 87.633 46.751 80.244 87.52 45.807 79.827 86.377 48.127 82.648 89.116
46.148 78.736 85.696 45.232 78.149 84.741 44.709 76.807 85.185 46.104 79.924 82.243
44.909 76.467 86.461 44.452 75.183 86.951 42.948 75.022 86.876 44.092 72.978 89.11
42.519 73.855 86.446 41.116 73.528 86.297 40.94 72.042 86.544 40.153 76.05 84.691
39.697 71.665 86.792 39.301 70.278 86.926 39.597 69.466 85.661 37.012 68.267 87.858
39.991 68.209 85.847 40.216 67.297 84.72 39.198 67.544 83.606 40.631 65.835 86.561
