DPFTHMSDKIDEMYDIFGDGHDYDWALEIEN
CCCCCHHHHHHHHHHHHCCCCCCCHHHEECC
-14.046 14.791 -60.164 -13.864 16.253 -60.059 -15.194 17.063 -60.075 -12.49 18.13 -60.873
-15.824 17.277 -61.247 -17.179 17.849 -61.143 -18.118 16.988 -60.266 -16.55 17.506 -62.896
-18.001 15.673 -60.352 -18.758 14.805 -59.459 -18.386 15.082 -57.983 -19.579 11.772 -58.23
-17.097 15.112 -57.659 -16.674 15.43 -56.306 -17.195 16.804 -55.866 -14.835 15.125 -55.85
-17.122 17.783 -56.762 -17.423 19.153 -56.373 -18.921 19.224 -56.094 -17.325 22.276 -56.93
-19.708 18.562 -56.938 -21.159 18.556 -56.755 -21.508 17.816 -55.467 -23.395 18.926 -58.257
-20.812 16.714 -55.164 -21.069 16.021 -53.891 -20.673 16.842 -52.665 -20.532 14.319 -54.437
-19.55 17.551 -52.722 -19.196 18.425 -51.603 -20.254 19.493 -51.396 -16.779 18.136 -51.784
-20.793 20.042 -52.482 -21.762 21.124 -52.327 -23.049 20.57 -51.717 -20.143 23.496 -53.297
-23.473 19.403 -52.178 -24.65 18.754 -51.609 -24.452 18.357 -50.138 -25.689 17.302 -53.206
-23.309 17.75 -49.8 -22.998 17.452 -48.397 -23.137 18.734 -47.564 -21.346 15.637 -48.836
-22.578 19.828 -48.07 -22.704 21.118 -47.407 -24.175 21.538 -47.182 -21.225 24.051 -48.014
-25.042 21.398 -48.19 -26.472 21.663 -47.996 -27.044 20.81 -46.862 -27.261 23.169 -50.338
-26.655 19.547 -46.839 -27.133 18.654 -45.827 -26.614 19.088 -44.435 -27.341 15.462 -43.912
-25.348 19.511 -44.346 -24.761 19.904 -43.059 -25.533 21.143 -42.523 -22.406 18.997 -43.496
-25.92 22.052 -43.41 -26.635 23.258 -42.989 -28.124 22.999 -42.724 -25.858 25.009 -44.383
-28.808 22.379 -43.679 -30.272 22.342 -43.715 -30.876 21.044 -43.208 -30.49 24.915 -45.87
-30.052 20.03 -42.999 -30.579 18.712 -42.671 -31.168 18.04 -43.901 -30.542 18.329 -41.748
-31.76 16.867 -43.736 -32.22 16.116 -44.893 -33.692 16.457 -45.239 -32.968 14.069 -43.668
-34.295 17.343 -44.458 -35.663 17.781 -44.67 -36.727 16.94 -43.981 -35.854 18.584 -45.235
-36.323 16.025 -43.105 -37.242 15.071 -42.475 -37.189 15.152 -40.935 -37.583 13.22 -45.026
-36.479 16.147 -40.418 -36.308 16.309 -38.98 -37.625 16.437 -38.18 -34.076 17.376 -39.26
-38.67 16.975 -38.789 -39.937 17.114 -38.097 -41.008 16.187 -38.695 -38.355 20.268 -36.856
-40.583 15.079 -39.311 -41.558 14.169 -39.947 -42.56 13.671 -38.933 -40.464 13.207 -41.928
-42.121 13.506 -37.689 -43.045 13.055 -36.659 -44.278 13.97 -36.556 -42.163 15.619 -33.9
-44.077 15.275 -36.731 -45.165 16.23 -36.628 -45.996 16.208 -37.899 -44.609 17.665 -36.361
-45.338 16.028 -39.035 -46.054 15.918 -40.3 -46.988 14.702 -40.267 -44.419 16.944 -42.093
-46.559 13.628 -39.606 -47.366 12.412 -39.579 -48.625 12.676 -38.756 -44.848 10.259 -39.347
-48.429 13.306 -37.605 -49.531 13.643 -36.72 -50.575 14.54 -37.372 -48.91 14.108 -34.458
-50.169 15.527 -38.155 -51.176 16.419 -38.703 -51.954 15.703 -39.812 -49.131 18.769 -39.999
-51.446 14.54 -40.21 -52.151 13.642 -41.115 -52.975 12.605 -40.345 -50.347 13.822 -42.835
