GVEINVKCSGSPQCLKPCKDAGMRFGKCMNRKCHCTPK
CCEEEEEECCCCCCCCCCHHCCCHHHHHHCCCCCCCCC
9.396 6.325 18.225 9.99 6.436 19.572 8.952 6.824 20.599 10.958 6.272 19.762
9.432 6.977 21.829 8.573 7.453 22.88 8.886 8.947 23.124 8.807 6.7 24.637
7.822 9.725 23.218 7.955 11.145 23.499 8.259 11.316 24.981 5.878 13.669 22.806
9.29 12.086 25.285 9.614 12.452 26.647 9.333 13.933 26.83 11.982 11.996 26.686
9.219 14.369 28.079 8.726 15.714 28.352 9.863 16.74 28.369 6.98 16.87 29.655
10.563 16.821 27.241 11.734 17.672 27.077 11.576 18.427 25.766 13.48 16.903 27.487
11.75 19.744 25.852 11.636 20.639 24.715 12.966 20.756 23.983 10.289 24.145 24.301
12.904 20.883 22.668 14.102 20.969 21.848 13.803 21.777 20.604 13.923 19.056 21.076
14.87 22.266 19.986 14.806 22.889 18.666 15.706 22.192 17.649 15.77 24.489 19.05
16.475 21.197 18.065 17.289 20.396 17.165 17.613 19.08 17.82 17.576 20.697 16.256
17.836 18.054 17.013 18.055 16.732 17.556 19.242 16.546 18.488 17.47 15.641 16.14
20.361 17.27 18.312 21.461 17.06 19.254 21.077 17.323 20.71 21.848 18.13 17.759
20.087 18.19 20.914 19.615 18.527 22.248 18.894 17.361 22.922 18.464 21.476 21.245
18.553 16.323 22.155 17.85 15.169 22.702 18.755 14.024 23.11 16.148 15.299 21.566
20.051 14.124 22.854 20.94 13.03 23.199 20.958 12.779 24.702 23.465 12.413 22.873
21.251 13.803 25.494 21.302 13.624 26.941 19.917 13.33 27.522 24.336 15.58 28.121
18.871 14.067 27.105 17.524 13.718 27.586 17.135 12.264 27.299 17.672 15.339 26.658
17.437 11.77 26.1 17.107 10.384 25.801 17.933 9.43 26.668 16.608 10.441 23.797
19.207 9.741 26.885 20.037 8.929 27.773 19.493 8.945 29.221 23.795 8.778 28.557
19.004 10.09 29.671 18.387 10.204 31.0 17.135 9.32 31.1 19.106 12.47 31.758
16.509 9.02 29.961 15.331 8.17 29.864 15.703 6.718 29.517 14.337 8.764 28.858
16.994 6.414 29.482 17.474 5.066 29.249 17.708 4.654 27.808 17.633 4.461 30.029
17.738 5.614 26.881 17.719 5.312 25.449 18.886 5.982 24.727 14.625 5.534 25.359
19.203 5.455 23.542 20.45 5.803 22.863 20.297 6.471 21.493 23.248 3.338 24.979
19.076 6.531 20.967 18.787 7.146 19.665 17.514 7.949 19.807 20.537 4.555 18.408
17.375 8.986 18.998 16.18 9.804 19.08 16.2 10.927 18.077 15.447 9.62 19.735
15.257 11.838 18.227 15.271 13.043 17.435 14.248 14.021 17.975 13.072 12.495 14.4
14.464 15.261 17.571 13.603 16.361 17.945 12.536 16.478 16.866 13.896 18.348 18.373
11.282 16.428 17.271 10.206 16.541 16.349 9.056 17.247 17.076 8.97 13.923 15.4
8.514 18.267 16.432 7.438 19.022 17.011 7.833 19.682 18.353 5.002 18.8 16.966
9.093 20.112 18.426 9.681 20.776 19.586 9.773 19.913 20.829 8.469 24.797 18.482
9.688 18.597 20.652 9.843 17.651 21.752 10.836 16.576 21.359 7.56 17.594 23.779
11.469 15.984 22.369 12.342 14.852 22.147 11.559 13.545 22.098 13.988 15.428 23.251
11.943 12.705 21.136 11.405 11.358 20.965 12.584 10.413 20.935 8.959 12.698 19.549
12.472 9.303 21.653 13.598 8.408 21.866 13.227 6.984 21.482 14.128 9.246 23.702
14.167 6.254 20.9 13.902 4.893 20.465 13.963 3.943 21.659 14.793 4.272 18.902
12.919 3.12 21.862 12.919 2.175 22.979 14.175 1.328 23.028 11.353 2.228 21.967
14.625 1.067 24.25 15.767 0.221 24.524 15.433 -1.227 24.167 17.709 -0.623 26.639
