GTSKCRKAGCVYFGTPENKGFCTLCFIEYRENK
CCCCCCCCCEEEECCCCCCCEEEEEEEEECCCC
-12.779 -24.337 20.227 -14.187 -24.397 19.879 -14.754 -23.075 19.388 -14.705 -25.248 19.967
-13.892 -22.06 19.248 -14.299 -20.733 18.747 -13.698 -20.344 17.382 -13.693 -19.168 19.769
-12.798 -19.346 17.367 -12.348 -18.654 16.136 -11.088 -17.825 16.357 -13.921 -18.048 15.254
-10.135 -17.91 15.428 -8.874 -17.175 15.531 -9.037 -15.664 15.42 -6.304 -18.991 15.414
-7.966 -14.95 15.749 -8.0 -13.502 15.767 -8.018 -12.961 14.341 -6.815 -12.038 16.635
-8.958 -12.047 14.094 -9.198 -11.438 12.793 -7.945 -10.889 12.128 -12.027 -8.048 11.864
-6.936 -10.556 12.926 -5.746 -9.881 12.419 -4.724 -10.814 11.795 -2.963 -7.774 14.049
-4.316 -10.479 10.572 -3.225 -11.14 9.849 -2.929 -12.562 10.294 -1.954 -10.296 9.921
-1.722 -12.758 10.813 -1.314 -14.055 11.312 -1.236 -14.104 12.832 -1.113 -14.813 10.692
-2.354 -13.826 13.497 -2.358 -13.787 14.947 -2.598 -15.16 15.585 -3.246 -12.557 16.333
-1.754 -15.489 16.56 -1.743 -16.787 17.214 -2.878 -16.969 18.207 -0.018 -17.342 17.899
-3.622 -15.907 18.467 -4.597 -15.945 19.538 -6.009 -15.998 19.022 -1.772 -14.825 21.595
-6.941 -16.214 19.925 -8.317 -16.399 19.551 -9.132 -15.156 19.771 -7.981 -19.721 19.608
-9.921 -14.811 18.77 -10.746 -13.634 18.837 -12.02 -13.908 19.585 -10.476 -12.762 18.428
-12.882 -12.908 19.58 -14.129 -12.945 20.303 -15.064 -11.925 19.649 -13.957 -12.124 22.056
-16.324 -12.317 19.435 -17.332 -11.439 18.839 -17.35 -10.03 19.44 -17.912 -13.151 19.324
-17.428 -9.908 20.76 -17.534 -8.592 21.384 -16.305 -7.739 21.144 -18.539 -10.349 23.594
-15.295 -8.314 20.509 -14.126 -7.546 20.132 -14.024 -7.491 18.64 -12.762 -8.052 22.126
-15.178 -7.439 17.991 -15.246 -7.395 16.541 -14.384 -8.498 15.907 -15.477 -3.536 16.267
-14.095 -9.545 16.675 -13.39 -10.692 16.136 -11.899 -10.69 16.384 -13.882 -11.41 15.644
-11.452 -9.775 17.239 -10.042 -9.65 17.579 -9.742 -10.292 18.915 -9.629 -6.948 15.576
-8.472 -10.605 19.137 -8.021 -10.949 20.461 -7.968 -9.636 21.2 -5.974 -11.102 20.272
-7.772 -9.697 22.511 -7.878 -8.523 23.369 -6.932 -7.39 22.985 -7.568 -9.433 25.044
-5.676 -7.719 22.727 -4.692 -6.701 22.402 -4.78 -6.19 20.95 -2.78 -7.218 24.068
-5.101 -7.07 20.006 -5.34 -6.622 18.649 -6.538 -5.695 18.647 -4.816 -8.252 17.492
-7.505 -5.987 19.501 -8.693 -5.155 19.588 -8.395 -3.764 20.112 -11.626 -4.259 20.956
-7.442 -3.669 21.029 -7.047 -2.381 21.56 -6.277 -1.617 20.507 -6.284 -2.471 23.806
-5.429 -2.327 19.768 -4.711 -1.76 18.625 -5.675 -1.183 17.607 -2.717 -3.279 16.422
-6.672 -1.977 17.23 -7.746 -1.525 16.356 -8.379 -0.251 16.881 -11.247 -1.766 14.902
-8.865 -0.329 18.109 -9.55 0.768 18.767 -8.705 2.037 18.784 -10.02 0.614 22.801
-7.402 1.881 19.008 -6.499 3.027 19.114 -6.259 3.704 17.772 -5.702 3.078 21.578
-6.553 3.001 16.686 -6.285 3.536 15.359 -7.521 4.077 14.657 -4.194 2.294 14.876
-8.687 3.829 15.245 -9.982 4.216 14.677 -10.496 3.131 13.731 -10.14 8.091 14.416
