SCPHTYKPVCGANGEVYDNECFLNKAGIEPAESWETCRG
CCCCCCCCCCCCCCEEECCCCCCHHCCCCCCHHHHCCCC
-2.637 21.577 3.598 -2.458 21.881 2.157 -1.93 20.613 1.484 -1.432 23.278 1.326
-2.569 20.205 0.402 -2.126 19.018 -0.332 -1.748 19.42 -1.758 -3.364 17.428 0.296
-0.814 18.695 -2.38 -0.45 19.053 -3.756 -1.663 18.692 -4.61 0.562 17.69 -2.921
-1.851 19.346 -5.743 -2.976 18.974 -6.586 -2.524 18.077 -7.744 -4.801 21.319 -5.461
-1.299 17.582 -7.623 -0.705 16.665 -8.587 -1.534 15.375 -8.573 1.215 16.598 -8.314
-1.796 14.817 -9.752 -2.549 13.572 -9.835 -1.602 12.365 -9.911 -5.368 11.375 -11.179
-1.596 11.581 -8.845 -0.773 10.378 -8.784 -1.631 9.513 -7.887 0.595 10.677 -8.144
-2.71 8.95 -8.464 -3.688 8.105 -7.783 -3.182 6.922 -6.989 -3.791 8.097 -9.644
-3.787 6.764 -5.811 -3.484 5.702 -4.855 -4.798 5.035 -4.458 -2.277 6.141 -3.374
-4.761 3.716 -4.32 -5.943 2.945 -3.954 -6.06 2.84 -2.423 -6.52 0.974 -4.261
-7.175 3.321 -1.892 -7.407 3.277 -0.453 -7.931 1.917 -0.025 -7.234 4.058 0.147
-7.668 1.545 1.219 -8.118 0.25 1.709 -9.647 0.16 1.721 -7.561 0.006 3.095
-10.295 1.306 1.537 -11.744 1.407 1.521 -12.319 1.293 0.106 -11.767 3.88 1.328
-11.491 0.885 -0.854 -11.952 0.73 -2.226 -11.989 1.98 -3.085 -12.225 -0.174 -2.556
-11.808 3.136 -2.463 -11.849 4.389 -3.2 -10.477 4.872 -3.646 -14.217 5.993 -1.468
-10.414 5.39 -4.872 -9.167 5.911 -5.419 -9.024 7.391 -5.056 -8.752 5.489 -7.255
-7.892 7.741 -4.454 -7.635 9.113 -4.046 -6.65 9.742 -5.02 -9.169 8.364 -0.742
-6.834 11.03 -5.271 -5.998 11.801 -6.19 -4.506 11.625 -5.947 -7.435 13.64 -6.943
-4.117 11.6 -4.676 -2.72 11.379 -4.317 -2.607 10.932 -2.859 -2.285 13.828 -3.941
-1.385 10.62 -2.45 -1.099 10.168 -1.1 -1.543 11.18 -0.06 1.895 9.452 0.283
-1.402 12.461 -0.385 -1.791 13.496 0.554 -3.297 13.455 0.799 -1.487 15.526 0.672
-4.077 13.297 -0.262 -5.52 13.252 -0.087 -5.966 11.964 0.628 -6.344 15.834 -2.152
-5.257 10.851 0.413 -5.579 9.582 1.074 -5.37 9.792 2.585 -4.69 7.076 0.971
-4.225 10.356 2.957 -3.906 10.617 4.367 -4.909 11.547 5.041 -1.417 10.398 4.131
-5.343 12.594 4.329 -6.303 13.547 4.891 -7.559 12.786 5.277 -5.887 16.989 3.855
-7.857 11.764 4.486 -9.036 10.938 4.699 -8.896 9.957 5.877 -9.367 10.172 3.387
-7.669 9.746 6.362 -7.461 8.829 7.481 -7.466 7.368 7.038 -7.333 9.155 8.418
-7.393 7.162 5.724 -7.409 5.829 5.106 -6.012 5.287 4.762 -9.198 5.619 4.027
-5.805 3.995 5.014 -4.549 3.311 4.72 -4.474 2.914 3.248 -3.082 2.188 6.914
-3.266 2.923 2.667 -3.171 2.515 1.259 -3.641 1.049 1.266 -1.612 3.238 2.008
-4.314 0.611 0.213 -4.788 -0.775 0.144 -3.601 -1.733 -0.004 -5.721 -0.934 -1.039
-3.778 -2.996 0.371 -2.696 -3.961 0.197 -2.42 -4.114 -1.318 -1.973 -5.1 2.506
-3.452 -4.026 -2.161 -3.232 -4.105 -3.616 -4.303 -3.32 -4.361 -3.843 -5.776 -4.343
-4.009 -2.944 -5.605 -4.961 -2.189 -6.421 -6.276 -2.934 -6.648 -4.193 1.182 -7.948
-6.228 -4.263 -6.543 -7.427 -5.084 -6.723 -8.541 -4.519 -5.857 -8.337 -7.332 -7.664
-8.17 -3.974 -4.705 -9.169 -3.407 -3.81 -9.992 -2.268 -4.413 -8.623 -3.075 -1.995
-9.464 -1.598 -5.44 -10.189 -0.501 -6.075 -10.777 -0.822 -7.496 -9.084 1.084 -5.252
-10.848 -2.11 -7.859 -11.459 -2.6 -9.127 -10.938 -3.982 -9.563 -11.31 -1.58 -10.276
-11.687 -4.667 -10.43 -11.356 -6.035 -10.852 -10.159 -6.384 -11.73 -11.969 -6.756 -10.529
