AMNITLLKSKIHRASVTEARLDYIG
CCCEEEECHHHHHHCCCHHHHHHCC
2.966 -6.125 9.409 4.3 -6.54 9.836 4.569 -6.167 11.297 5.363 -5.944 8.923
5.562 -6.819 11.899 5.817 -6.69 13.334 6.31 -5.306 13.752 7.872 -8.124 15.201
5.595 -4.688 14.689 6.023 -3.422 15.257 6.564 -3.609 16.661 4.734 -1.618 14.133
7.618 -2.868 16.991 8.118 -2.847 18.359 8.137 -1.425 18.903 10.393 -3.524 18.05
8.255 -1.308 20.215 8.12 -0.018 20.858 9.444 0.428 21.456 6.564 0.205 21.983
9.9 1.616 21.068 11.101 2.207 21.665 10.767 3.47 22.42 12.91 1.619 19.816
11.608 3.807 23.397 11.607 5.163 23.934 11.829 6.147 22.777 12.893 6.489 25.81
10.962 7.152 22.683 11.076 8.195 21.66 11.852 9.394 22.205 8.54 10.398 20.342
11.494 9.826 23.408 12.204 10.93 24.041 11.927 10.998 25.53 11.112 12.384 23.563
12.78 11.723 26.243 12.542 11.925 27.661 13.048 13.262 28.168 15.149 10.016 29.726
12.372 13.743 29.202 12.828 14.888 29.969 13.276 14.321 31.312 11.205 16.616 29.789
14.546 14.518 31.66 15.137 13.793 32.784 15.181 14.668 34.028 17.338 11.788 33.843
14.544 14.201 35.102 14.648 14.855 36.406 14.208 16.325 36.412 17.39 13.38 39.009
13.024 16.58 35.866 12.38 17.875 36.009 11.853 17.963 37.43 11.24 17.989 35.032
11.688 19.182 37.942 11.138 19.377 39.28 9.656 19.729 39.225 12.567 20.296 40.134
8.841 19.014 39.991 7.437 19.382 40.064 7.274 20.776 40.68 6.173 18.031 40.654
6.566 21.661 39.977 6.382 23.027 40.463 5.011 23.272 41.1 6.78 23.958 38.81
4.046 22.41 40.797 2.704 22.556 41.356 1.974 21.238 41.199 0.238 24.729 40.608
1.024 20.986 42.094 0.182 19.801 41.984 -1.26 20.188 42.297 0.678 18.707 42.915
-2.087 20.23 41.256 -3.401 20.854 41.308 -4.496 19.799 41.174 -3.491 23.779 38.363
-5.014 19.333 42.306 -6.002 18.26 42.296 -7.288 18.64 41.565 -7.032 16.67 44.159
-7.798 19.835 41.85 -9.153 20.181 41.419 -9.193 20.87 40.05 -9.919 20.353 43.777
-8.106 20.738 39.302 -7.99 21.346 37.972 -9.188 21.097 37.044 -6.058 22.257 34.845
-9.719 22.175 36.465 -10.803 22.082 35.484 -10.281 22.499 34.111 -12.662 22.461 36.305
-10.033 21.518 33.253 -9.408 21.778 31.97 -8.82 20.504 31.404 -9.386 22.684 31.547
