IYNCEPANPSEKNSPSTQYCYSIQ
CCCCCCCCCCCCCCCCCCCEEECC
-1.587 8.526 -24.028 -1.991 7.259 -23.431 -1.622 7.202 -21.952 -1.474 5.461 -24.939
-2.544 6.702 -21.136 -2.3 6.536 -19.71 -1.129 5.587 -19.495 -3.535 6.253 -16.149
-0.207 5.967 -18.617 0.98 5.157 -18.374 0.848 4.282 -17.131 3.437 5.31 -18.011
0.764 2.973 -17.336 0.656 2.043 -16.219 2.001 1.472 -15.805 -1.14 1.11 -16.602
3.06 1.842 -16.515 4.377 1.286 -16.217 4.825 1.625 -14.804 5.68 0.052 -18.196
5.539 0.691 -14.16 6.058 0.96 -12.817 6.987 2.164 -12.85 6.626 -0.648 -13.641
6.913 3.015 -11.833 7.735 4.218 -11.795 9.216 3.887 -11.641 7.279 5.133 -10.676
9.501 2.79 -10.952 10.879 2.384 -10.689 10.918 0.874 -10.526 10.868 2.53 -8.208
12.122 0.285 -10.494 12.206 -1.182 -10.503 11.483 -1.87 -9.347 13.828 -0.257 -10.703
11.359 -1.21 -8.196 10.745 -1.862 -7.041 9.222 -1.916 -7.144 10.874 -0.6 -5.6
8.67 -1.412 -8.241 7.231 -1.572 -8.459 6.922 -2.505 -9.624 6.304 0.088 -6.671
7.954 -3.154 -10.151 7.764 -4.142 -11.206 6.911 -5.287 -10.664 10.127 -6.058 -13.533
5.824 -5.601 -11.369 4.865 -6.628 -10.95 3.979 -6.218 -9.778 6.295 -8.497 -11.696
4.0 -4.942 -9.406 3.199 -4.5 -8.268 1.707 -4.68 -8.537 3.204 -2.612 -8.443
0.922 -4.877 -7.472 -0.532 -4.964 -7.633 -1.104 -3.733 -8.334 0.132 -5.306 -5.909
-0.568 -2.552 -8.036 -1.069 -1.313 -8.633 -0.856 -1.289 -10.143 -0.617 0.506 -8.295
0.328 -1.71 -10.575 0.641 -1.766 -11.995 -0.254 -2.77 -12.71 2.494 -1.846 -12.528
-0.414 -3.943 -12.108 -1.25 -4.971 -12.71 -2.688 -4.485 -12.818 -0.035 -7.819 -11.453
-3.182 -3.862 -11.754 -4.555 -3.389 -11.765 -4.712 -2.29 -12.807 -7.791 -2.151 -10.478
-3.749 -1.374 -12.84 -3.78 -0.283 -13.798 -3.955 -0.849 -15.203 -2.449 1.272 -14.222
-3.109 -1.806 -15.575 -3.212 -2.401 -16.9 -4.58 -3.05 -17.108 0.365 -2.181 -18.082
-5.114 -3.664 -16.059 -6.34 -4.447 -16.191 -7.542 -3.599 -16.584 -6.968 -4.807 -14.425
-7.5 -2.299 -16.291 -8.657 -1.435 -16.57 -8.442 -0.443 -17.71 -8.884 -0.179 -14.524
-7.37 -0.624 -18.476 -7.111 0.253 -19.613 -8.016 -0.037 -20.81 -5.888 1.207 -19.146
