HKPTEDPASVYEQDDLSEQMASLEGLMKQLNAITGS
CCCCCCHHHHHCCCCHHHHHHHHHHHHHHHHHHHCC
47.895 1.284 45.363 48.432 2.619 45.756 49.613 2.482 46.704 47.345 3.478 46.409
50.655 3.261 46.437 51.831 3.313 47.296 51.823 4.636 48.063 55.451 2.333 46.718
51.73 4.568 49.411 51.711 5.788 50.228 53.028 6.547 50.099 51.753 4.155 51.173
52.946 7.876 50.062 54.133 8.713 49.903 55.114 8.457 51.041 53.688 10.522 49.362
56.391 8.395 50.689 57.45 8.187 51.66 58.216 9.492 51.863 58.347 5.269 50.364
57.705 10.562 51.254 58.236 11.906 51.442 57.66 12.491 52.734 58.21 14.18 50.439
58.537 12.849 53.698 58.101 13.444 54.965 57.128 14.615 54.788 59.971 13.388 54.635
57.572 15.671 54.107 56.774 16.886 53.888 55.382 16.645 53.29 57.553 17.881 53.028
55.303 15.757 52.302 54.049 15.497 51.59 53.007 14.883 52.515 54.291 14.596 50.373
53.426 13.861 53.259 52.59 13.176 54.244 52.013 14.169 55.246 53.274 11.537 55.102
52.87 15.082 55.703 52.526 16.084 56.705 51.506 17.099 56.19 53.442 18.789 59.244
51.673 17.526 54.94 50.763 18.484 54.305 49.46 17.832 53.838 51.977 20.866 54.113
49.514 16.534 53.55 48.346 15.8 53.074 47.313 15.669 54.175 49.785 13.398 51.224
46.039 15.77 53.801 44.966 15.375 54.704 44.926 13.853 54.731 43.422 17.328 54.804
44.157 13.285 55.657 44.1 11.828 55.804 43.308 11.189 54.66 42.106 11.61 57.271
43.48 9.878 54.494 42.831 9.104 53.433 41.37 9.502 53.174 42.939 7.601 53.721
40.534 9.444 54.208 39.099 9.707 54.048 38.733 11.19 53.866 38.457 9.33 55.815
39.582 12.101 54.334 39.365 13.529 54.079 39.695 13.873 52.616 40.173 14.393 55.053
40.587 13.088 52.021 40.896 13.216 50.604 39.775 12.589 49.768 42.252 12.577 50.288
39.298 11.417 50.2 38.198 10.699 49.534 36.877 11.447 49.636 39.607 8.757 49.218
36.646 12.083 50.78 35.384 12.767 51.029 35.192 13.908 50.05 35.3 13.274 52.474
36.197 14.777 49.938 36.084 15.97 49.092 36.265 15.676 47.59 37.688 16.97 49.378
36.974 14.593 47.26 37.04 14.13 45.869 35.658 13.669 45.409 39.484 13.202 45.33
34.964 12.925 46.269 33.594 12.507 45.991 32.647 13.703 45.873 33.518 9.538 47.103
32.938 14.747 46.647 32.212 16.009 46.585 32.319 16.681 45.232 31.706 16.367 47.369
33.542 16.779 44.711 33.767 17.321 43.367 33.117 16.42 42.327 36.176 18.329 43.796
33.198 15.116 42.568 32.695 14.129 41.638 31.187 14.278 41.435 33.73 11.118 41.732
30.458 14.535 42.521 29.016 14.768 42.423 28.683 16.07 41.688 27.962 12.751 45.3
29.52 17.091 41.877 29.359 18.374 41.185 29.626 18.254 39.682 30.701 20.439 43.5
30.573 17.386 39.31 30.871 17.098 37.901 29.716 16.329 37.254 33.565 16.81 37.851
29.098 15.446 38.033 27.883 14.754 37.621 26.703 15.704 37.437 28.476 12.576 38.671
26.589 16.695 38.323 25.543 17.721 38.218 25.61 18.46 36.876 25.631 18.709 39.388
26.83 18.628 36.367 27.067 19.219 35.056 26.718 18.232 33.948 29.162 20.367 35.113
27.279 17.025 34.031 27.148 16.023 32.965 25.769 15.369 32.923 28.671 14.911 33.432
25.349 14.8 34.051 24.081 14.089 34.138 24.27 12.584 34.136 23.204 14.567 34.192
25.037 12.088 35.109 25.326 10.653 35.252 25.699 10.267 36.69 26.934 10.732 34.225
