AFTCHCRRSCYSTEYSYGTCTVMGINWRFCCL
CCEEECCCCCCCCCEEECEEEEEEEEEEEECC
-6.55 -15.523 -17.345 -7.096 -14.173 -17.161 -7.527 -14.096 -15.697 -8.297 -13.988 -18.092
-7.498 -12.905 -15.092 -8.235 -12.633 -13.873 -9.542 -12.075 -14.356 -5.527 -12.239 -11.861
-10.616 -12.419 -13.663 -11.903 -11.787 -13.876 -12.246 -11.036 -12.611 -13.235 -12.898 -14.72
-12.459 -9.725 -12.713 -12.644 -8.865 -11.525 -13.931 -8.045 -11.545 -10.625 -8.356 -11.378
-14.559 -7.903 -10.375 -15.72 -7.042 -10.228 -15.483 -6.157 -9.033 -17.599 -9.076 -11.723
-16.02 -4.937 -9.059 -16.099 -4.136 -7.855 -17.321 -4.557 -7.045 -15.542 -2.298 -8.673
-17.149 -5.006 -5.784 -18.274 -5.523 -4.97 -18.255 -4.953 -3.565 -18.54 -9.346 -7.025
-19.394 -4.966 -2.849 -19.374 -4.633 -1.399 -18.549 -5.659 -0.645 -20.939 -1.442 -0.133
-18.796 -6.908 -0.996 -18.145 -8.088 -0.471 -17.667 -9.029 -1.568 -19.001 -8.822 0.969
-16.433 -9.502 -1.484 -15.977 -10.497 -2.472 -16.708 -11.799 -2.312 -13.984 -9.951 -2.568
-16.976 -12.427 -3.434 -17.59 -13.754 -3.431 -16.584 -14.775 -2.896 -20.511 -12.839 -5.621
-17.129 -15.907 -2.485 -16.358 -16.963 -1.821 -15.262 -17.552 -2.717 -17.63 -18.384 -1.747
-15.363 -17.33 -4.036 -14.414 -17.764 -5.029 -13.351 -16.682 -5.325 -15.772 -18.242 -6.343
-13.505 -15.514 -4.705 -12.623 -14.376 -5.039 -11.799 -13.938 -3.849 -15.035 -12.77 -6.645
-10.803 -13.062 -4.093 -10.173 -12.318 -3.029 -10.142 -10.851 -3.396 -8.589 -15.608 -2.227
-9.898 -10.04 -2.39 -9.781 -8.571 -2.552 -8.406 -8.154 -2.937 -10.344 -7.156 -1.47
-8.294 -7.386 -4.004 -7.002 -6.952 -4.511 -6.838 -5.484 -4.348 -6.322 -10.027 -6.451
-7.872 -4.805 -3.878 -7.838 -3.366 -3.798 -9.249 -2.803 -3.668 -6.983 -2.848 -3.828
-9.379 -1.531 -4.013 -10.664 -0.854 -3.867 -11.16 -0.169 -5.118 -10.232 0.48 -2.431
-12.468 -0.005 -5.218 -12.999 0.858 -6.226 -13.746 1.915 -5.496 -13.76 -0.693 -7.342
-13.8 3.133 -6.019 -14.745 4.111 -5.47 -15.639 4.574 -6.569 -14.136 5.535 -4.252
-16.939 4.35 -6.378 -17.967 4.783 -7.343 -19.223 5.131 -6.579 -18.077 3.631 -8.926
-19.983 6.098 -7.065 -21.185 6.55 -6.349 -20.827 7.073 -4.941 -23.311 5.185 -7.636
-19.583 7.497 -4.752 -19.153 8.139 -3.493 -18.811 7.159 -2.414 -19.099 9.131 -3.383
-18.879 5.87 -2.796 -18.58 4.844 -1.841 -17.554 3.883 -2.338 -20.757 3.809 -1.539
-16.899 3.262 -1.366 -15.9 2.234 -1.602 -16.532 0.866 -1.903 -14.017 3.335 -0.296
-15.855 0.102 -2.749 -16.225 -1.236 -3.076 -14.9 -1.939 -3.028 -19.468 -0.26 -4.758
-14.878 -3.282 -2.975 -13.616 -4.006 -3.096 -13.404 -4.475 -4.532 -13.753 -5.205 1.021
-12.148 -4.49 -4.98 -11.805 -4.987 -6.269 -11.499 -6.48 -6.157 -10.118 -4.688 -9.188
-12.492 -7.299 -6.52 -12.545 -8.739 -6.263 -12.24 -9.498 -7.562 -14.23 -8.666 -4.998
-11.296 -10.431 -7.52 -10.886 -11.162 -8.709 -10.826 -12.63 -8.403 -9.346 -9.876 -9.332
-11.054 -13.44 -9.426 -10.716 -14.845 -9.381 -9.902 -15.142 -10.609 -12.431 -15.856 -10.243
