RRLKQKNARLKQEIAALEYEIAALE
CCHHHHHHHHHHHHHHHHHHHHHHC
0.4 35.896 30.52 0.795 37.177 31.189 2.211 37.599 30.766 0.621 40.15 33.656
2.371 38.865 30.365 3.671 39.477 30.047 4.834 38.912 30.917 2.04 43.521 28.55
4.658 38.925 32.235 5.758 38.682 33.148 6.14 37.191 33.216 5.789 40.586 35.07
5.162 36.31 33.116 5.384 34.877 33.089 6.085 34.443 31.775 2.616 33.133 34.868
5.706 35.068 30.655 6.317 34.861 29.338 7.725 35.35 29.291 3.669 35.44 27.233
7.968 36.57 29.733 9.34 37.027 29.895 10.206 36.155 30.882 9.966 40.126 30.505
9.619 35.695 31.97 10.281 34.753 32.87 10.7 33.447 32.137 9.96 33.635 35.066
9.743 32.804 31.46 10.043 31.571 30.73 11.167 31.769 29.69 8.745 30.93 30.087
11.188 32.908 29.001 12.232 33.254 28.021 13.543 33.698 28.628 8.904 34.619 25.008
13.501 34.327 29.809 14.775 34.588 30.493 15.438 33.302 30.934 14.534 36.969 31.439
14.647 32.341 31.405 15.162 31.013 31.784 15.76 30.259 30.602 12.755 30.147 34.535
15.104 30.313 29.442 15.578 29.628 28.221 16.873 30.189 27.688 12.75 28.798 26.685
17.019 31.488 27.837 18.224 32.189 27.495 19.384 31.851 28.435 19.402 34.838 26.649
19.132 31.776 29.727 20.144 31.407 30.674 20.543 29.955 30.376 19.658 32.233 32.852
19.576 29.073 30.114 19.901 27.698 29.702 20.843 27.6 28.476 18.618 26.887 29.449
20.608 28.422 27.471 21.398 28.396 26.252 22.779 28.844 26.536 20.741 29.35 25.148
22.914 29.848 27.403 24.225 30.376 27.721 25.022 29.438 28.575 23.783 33.014 27.749
24.381 28.768 29.549 25.115 27.766 30.335 25.497 26.551 29.465 23.494 27.998 33.278
24.632 26.166 28.518 25.038 25.193 27.491 26.322 25.609 26.724 24.231 22.553 24.842
26.348 26.804 26.162 27.542 27.235 25.454 28.784 27.279 26.368 27.858 30.03 23.595
28.62 27.737 27.599 29.735 27.814 28.545 30.367 26.444 28.741 29.3 29.336 30.322
29.523 25.449 28.976 29.975 24.086 29.109 30.616 23.517 27.842 28.837 23.173 29.625
30.137 23.923 26.661 30.761 23.514 25.391 32.142 24.151 25.205 29.877 23.871 24.228
32.29 25.38 25.692 33.483 26.194 25.476 34.644 25.789 26.35 32.715 28.632 24.795
34.35 25.08 27.437 35.343 24.823 28.452 35.989 23.439 28.236 33.906 26.249 31.19
