RLQQTQAQVDEVVDIMRVNVDKVLERDQKL
CCHHHHHHHHHHHHHHHCCHHHHHHHHHCC
3.375 -7.18 4.451 3.913 -8.088 3.412 2.886 -9.123 2.979 7.986 -9.507 4.022
1.978 -9.519 3.869 0.882 -10.41 3.477 0.043 -9.721 2.423 -0.6 -12.137 4.823
-0.307 -8.465 2.704 -1.163 -7.681 1.809 -0.689 -7.506 0.375 -3.233 -7.415 2.613
0.631 -7.367 0.223 1.271 -7.255 -1.079 1.124 -8.563 -1.89 2.879 -4.929 -1.454
1.028 -9.696 -1.181 0.76 -10.996 -1.819 -0.717 -11.114 -2.263 1.625 -12.557 -1.09
-1.676 -10.779 -1.413 -3.044 -10.985 -1.832 -3.354 -10.242 -3.12 -5.5 -11.829 -1.092
-2.944 -8.974 -3.176 -3.127 -8.114 -4.343 -2.31 -8.609 -5.532 -2.799 -6.628 -4.017
-1.095 -9.123 -5.302 -0.246 -9.647 -6.381 -0.9 -10.852 -7.068 2.957 -9.902 -6.742
-1.457 -11.755 -6.264 -2.134 -12.957 -6.757 -3.41 -12.58 -7.529 -2.308 -14.462 -5.485
-4.157 -11.622 -7.026 -5.416 -11.266 -7.654 -5.154 -10.554 -8.975 -6.961 -11.074 -5.69
-3.929 -10.058 -9.159 -3.563 -9.389 -10.41 -3.324 -10.457 -11.476 -1.116 -7.434 -11.311
-2.479 -11.443 -11.156 -2.271 -12.621 -12.029 -3.597 -13.328 -12.412 -0.633 -13.665 -11.646
-4.508 -13.443 -11.451 -5.839 -14.015 -11.67 -6.611 -13.263 -12.759 -6.96 -14.543 -10.125
-6.593 -11.943 -12.654 -7.193 -11.08 -13.623 -6.529 -11.246 -14.956 -8.277 -9.352 -12.266
-5.215 -11.398 -14.94 -4.497 -11.512 -16.191 -4.8 -12.884 -16.861 -2.221 -10.641 -15.981
-4.841 -13.964 -16.069 -5.09 -15.324 -16.534 -6.562 -15.423 -17.001 -3.247 -17.162 -16.145
-7.452 -14.628 -16.417 -8.88 -14.702 -16.875 -9.047 -14.13 -18.281 -10.996 -14.123 -12.697
-8.361 -13.008 -18.559 -8.331 -12.384 -19.882 -7.708 -13.368 -20.869 -7.653 -10.517 -20.022
-6.562 -13.944 -20.49 -5.843 -14.929 -21.303 -6.682 -16.148 -21.687 -3.428 -14.6 -20.643
-7.365 -16.722 -20.691 -8.306 -17.817 -20.914 -9.444 -17.382 -21.842 -8.976 -18.937 -19.388
-9.907 -16.127 -21.708 -10.904 -15.584 -22.669 -10.312 -15.52 -24.072 -12.57 -14.115 -21.395
-8.989 -15.29 -24.206 -8.55 -15.147 -25.561 -8.485 -16.539 -26.189 -6.514 -12.034 -25.106
-8.222 -17.536 -25.361 -7.967 -18.87 -25.832 -9.289 -19.575 -26.116 -6.579 -19.894 -25.017
-10.371 -19.209 -25.421 -11.727 -19.639 -25.839 -12.1 -19.034 -27.191 -12.888 -20.21 -23.515
-11.647 -17.807 -27.435 -11.726 -17.179 -28.75 -10.886 -17.864 -29.829 -11.991 -13.924 -28.107
-9.651 -18.26 -29.486 -8.762 -18.985 -30.393 -9.26 -20.406 -30.707 -4.522 -20.691 -30.046
-10.015 -20.992 -29.758 -10.709 -22.302 -29.846 -11.865 -22.236 -30.845 -11.635 -24.042 -28.304
-12.519 -21.075 -30.862 -13.612 -20.797 -31.789 -13.144 -20.562 -33.23 -16.026 -18.969 -30.443
-11.919 -20.033 -33.395 -11.364 -19.794 -34.732 -10.812 -21.091 -35.387 -10.111 -16.367 -33.966
-10.583 -22.128 -34.582 -10.044 -23.401 -35.081 -11.122 -24.468 -35.345 -8.581 -23.571 -33.979
