FAAAVSAFAANMLSSVLKSEATSSIIKSVGETA
CHHHHHHHHHHHHHHHHHHHHHHHHHHHHHCCC
134.751 86.962 21.989 134.769 86.606 23.398 135.454 85.26 23.594 131.877 84.948 22.693
135.777 84.943 24.841 136.453 83.694 25.138 135.636 82.458 24.749 136.815 83.645 26.614
136.323 81.472 24.176 135.696 80.224 23.763 134.631 80.443 22.68 135.094 79.517 24.983
134.796 81.48 21.869 133.835 81.749 20.809 133.79 80.579 19.819 134.198 83.033 20.086
134.948 79.995 19.543 135.003 78.876 18.616 134.26 77.689 19.244 136.716 78.465 17.74
134.417 77.478 20.546 133.711 76.372 21.191 132.208 76.598 21.103 134.736 75.924 22.725
131.787 77.846 21.306 130.378 78.196 21.251 129.86 77.808 19.874 130.197 79.688 21.486
130.599 78.184 18.842 130.213 77.855 17.484 130.139 76.33 17.267 130.981 77.706 14.168
131.153 75.617 17.74 131.188 74.165 17.599 130.024 73.501 18.349 132.505 73.63 18.119
129.626 74.093 19.476 128.529 73.573 20.28 127.2 73.812 19.555 128.518 74.238 21.644
127.066 74.955 18.881 125.845 75.254 18.138 125.679 74.318 16.966 125.69 77.657 18.608
126.791 73.952 16.344 126.736 73.043 15.213 126.326 71.691 15.746 127.514 74.536 13.662
127.022 71.243 16.769 126.708 69.962 17.351 125.229 69.835 17.721 127.652 68.436 19.186
124.664 70.836 18.392 123.269 70.719 18.781 122.261 71.017 17.679 123.037 72.242 19.906
122.706 71.563 16.558 121.779 71.795 15.462 121.582 70.433 14.805 122.236 73.47 14.69
122.58 69.58 14.938 122.488 68.25 14.385 121.64 67.383 15.311 124.071 67.374 13.75
121.659 67.69 16.598 120.841 66.933 17.52 119.39 67.33 17.314 122.396 66.471 19.432
119.114 68.63 17.208 117.745 69.092 16.982 117.158 68.333 15.811 117.542 72.721 17.123
117.936 68.161 14.751 117.446 67.443 13.589 117.151 66.001 13.926 118.494 68.156 12.194
118.107 65.347 14.563 117.932 63.962 14.954 116.647 63.817 15.792 120.141 61.953 16.563
116.398 64.758 16.705 115.205 64.726 17.568 113.913 65.057 16.823 115.373 65.683 18.75
113.971 66.027 15.914 112.802 66.411 15.129 112.429 65.241 14.228 112.742 68.095 14.164
113.432 64.467 13.835 113.205 63.312 12.987 112.46 62.207 13.738 114.464 62.116 12.228
113.028 61.749 14.849 112.411 60.679 15.638 111.213 61.103 16.51 113.778 60.394 16.984
110.865 62.39 16.435 109.746 62.972 17.18 108.48 62.757 16.359 109.34 64.821 17.694
108.581 63.064 15.07 107.488 62.91 14.102 107.356 61.432 13.724 108.251 63.528 12.239
108.475 60.711 13.712 108.433 59.294 13.376 107.734 58.515 14.479 111.391 57.855 12.16
107.861 58.943 15.724 107.179 58.202 16.766 105.663 58.288 16.563 107.182 58.436 18.642
105.142 59.484 16.339 103.706 59.61 16.146 103.222 58.598 15.12 103.63 61.483 15.66
103.925 58.521 13.997 103.573 57.6 12.931 103.636 56.107 13.208 103.3 57.977 12.046
104.669 55.66 13.916 104.822 54.236 14.219 103.718 53.643 15.082 107.114 53.723 16.594
103.301 54.375 16.106 102.254 53.885 16.995 100.915 53.665 16.305 102.046 54.709 18.716
100.534 54.6 15.444 99.269 54.502 14.729 99.45 54.745 13.237 98.259 55.48 15.31
