KPKGALAVILVLTLTILVFWLGVYAVFFARG
CCCHHHHHHHHHHHHHHHHHHHHHHHHHHCC
25.117 -19.369 4.205 23.843 -18.651 4.456 23.493 -18.663 5.957 20.844 -20.872 3.657
22.731 -17.666 6.414 22.433 -17.541 7.841 21.252 -18.421 8.281 21.921 -16.095 6.762
21.453 -19.737 8.271 20.38 -20.699 8.597 19.754 -20.485 9.992 22.203 -23.389 8.044
20.569 -20.051 10.948 20.091 -19.775 12.304 19.145 -18.588 12.359 20.374 -20.325 13.09
19.557 -17.467 11.772 18.677 -16.292 11.653 17.382 -16.626 10.891 19.42 -15.138 11.019
17.488 -17.447 9.847 16.294 -17.892 9.128 15.366 -18.739 10.011 17.038 -17.926 6.561
15.945 -19.575 10.869 15.145 -20.39 11.779 14.358 -19.463 12.713 16.038 -21.341 12.588
15.032 -18.431 13.213 14.393 -17.451 14.104 13.22 -16.754 13.403 15.522 -16.266 15.211
13.452 -16.222 12.205 12.356 -15.552 11.497 11.218 -16.515 11.083 13.166 -14.725 9.764
11.529 -17.799 10.903 10.486 -18.834 10.713 9.587 -18.949 11.965 10.256 -21.348 9.883
10.214 -19.051 13.132 9.442 -19.126 14.384 8.589 -17.849 14.515 10.282 -19.794 16.023
9.198 -16.693 14.261 8.475 -15.393 14.306 7.254 -15.337 13.35 9.148 -12.784 14.244
7.466 -15.76 12.101 6.386 -15.826 11.122 5.238 -16.744 11.547 6.901 -16.022 9.246
5.577 -17.946 12.01 4.573 -18.915 12.431 3.765 -18.366 13.606 5.519 -21.22 11.778
4.458 -17.695 14.526 3.796 -17.113 15.685 2.833 -16.011 15.256 4.875 -16.742 17.251
3.311 -15.08 14.436 2.454 -14.011 13.892 1.203 -14.586 13.214 3.758 -12.267 12.879
1.409 -15.574 12.352 0.292 -16.166 11.607 -0.723 -16.865 12.507 1.146 -16.739 9.168
-0.244 -17.606 13.503 -1.142 -18.32 14.433 -1.983 -17.3 15.231 -0.514 -19.868 15.486
-1.323 -16.27 15.755 -2.007 -15.192 16.483 -3.07 -14.538 15.594 -0.022 -14.395 19.227
-2.67 -14.156 14.381 -3.5 -13.307 13.534 -4.697 -14.056 12.937 -4.409 -10.78 10.849
-4.432 -15.2 12.316 -5.502 -16.054 11.789 -6.412 -16.613 12.89 -4.51 -16.896 9.541
-5.827 -16.921 14.044 -6.6 -17.321 15.218 -7.628 -16.272 15.601 -6.447 -18.188 15.692
-7.191 -15.024 15.754 -8.111 -13.943 16.156 -9.12 -13.581 15.042 -7.406 -12.453 17.202
-8.656 -13.639 13.798 -9.537 -13.461 12.633 -10.71 -14.462 12.681 -9.837 -12.553 8.934
-10.401 -15.724 12.971 -11.433 -16.765 13.124 -12.397 -16.456 14.277 -10.804 -18.137 13.304
-11.858 -15.965 15.396 -12.695 -15.573 16.545 -13.625 -14.424 16.166 -11.888 -15.418 18.358
-13.083 -13.433 15.458 -13.857 -12.282 15.007 -15.086 -12.734 14.201 -14.21 -9.359 13.242
-14.868 -13.59 13.206 -15.993 -14.096 12.418 -16.982 -14.937 13.212 -15.099 -12.974 9.39
-16.466 -15.758 14.121 -17.329 -16.568 14.98 -18.264 -15.692 15.817 -16.504 -17.486 15.882
-17.787 -14.518 16.235 -18.583 -13.594 17.067 -19.38 -12.565 16.255 -15.529 -13.179 20.599
-19.333 -12.683 14.929 -19.932 -11.68 14.046 -21.416 -11.842 13.801 -19.378 -10.95 13.646
