PKVAENLKSQLEGFNQDKLKKT
CHHHHHHHHHHHCCCHHHHHCC
59.013 17.11 -1.462 60.289 17.522 -2.178 59.958 18.263 -3.521 60.009 15.631 -1.923
59.279 17.538 -4.405 58.743 18.136 -5.637 57.665 19.178 -5.281 58.442 15.011 -7.881
56.859 18.863 -4.257 55.808 19.808 -3.801 56.481 21.124 -3.285 54.344 19.061 -2.677
57.504 20.955 -2.449 58.216 22.098 -1.896 58.815 22.923 -3.041 59.268 21.62 -0.911
59.423 22.283 -4.014 59.996 22.997 -5.154 58.948 23.813 -5.925 61.571 21.624 -7.913
57.798 23.203 -6.189 56.8 23.931 -6.939 56.175 25.117 -6.142 54.999 23.504 -8.493
55.941 24.893 -4.869 55.377 25.9 -3.996 56.318 27.127 -3.976 54.415 25.9 -1.552
57.619 26.86 -3.861 58.609 27.985 -3.862 58.575 28.761 -5.141 61.459 26.311 -2.253
58.44 28.049 -6.214 58.33 28.713 -7.501 57.045 29.582 -7.612 58.212 27.967 -9.198
55.911 29.071 -7.125 54.68 29.871 -7.215 54.793 31.131 -6.271 52.165 27.596 -7.388
55.417 30.977 -5.083 55.58 32.137 -4.16 56.483 33.232 -4.761 55.354 31.096 -1.713
57.605 32.797 -5.327 58.56 33.736 -5.86 58.024 34.482 -7.106 61.286 31.85 -5.321
57.123 33.841 -7.825 56.6 34.394 -9.019 55.28 35.117 -8.894 57.114 34.284 -9.87
54.742 35.143 -7.671 53.404 35.668 -7.455 53.312 37.192 -7.586 50.428 35.574 -5.903
52.299 37.641 -8.286 52.101 39.064 -8.541 50.922 39.464 -7.609 51.292 40.481 -10.444
51.208 40.283 -6.594 50.177 40.765 -5.612 49.0 41.554 -6.284 51.549 41.695 -2.564
49.21 42.054 -7.491 48.106 42.679 -8.216 47.008 41.666 -8.58 49.67 44.405 -9.196
47.288 40.365 -8.412 46.304 39.335 -8.724 45.265 39.289 -7.58 48.096 36.337 -10.202
45.663 39.799 -6.414 44.819 39.66 -5.239 43.604 40.507 -5.352 46.563 39.03 -3.304
42.502 40.048 -4.767 41.218 40.75 -5.017 41.101 41.978 -4.149 38.85 38.0 -5.487
40.657 43.099 -4.72 40.45 44.342 -3.96 39.279 44.166 -2.996 41.498 47.17 -6.409
39.42 44.676 -1.792 38.433 44.333 -0.727 37.089 45.123 -0.604 39.691 43.974 0.635
