EVTCEPGTTFKDKCNTCRCGSDGKSAVCTKLWCNQ
CCCCCCCCCCCCCCCCCCCCCCCCEEEEEEEEECC
-4.945 -13.171 30.88 -5.525 -14.336 30.742 -5.344 -15.003 29.35 -8.353 -15.697 32.154
-4.2 -14.737 28.702 -3.936 -15.173 27.311 -2.412 -15.197 27.009 -4.572 -14.008 25.796
-1.989 -16.117 26.153 -0.62 -16.233 25.664 -0.722 -16.437 24.158 0.635 -17.459 26.574
0.072 -15.688 23.386 -0.062 -15.65 21.914 1.209 -15.096 21.262 -1.344 -13.948 21.836
1.271 -15.192 19.93 2.395 -14.668 19.118 2.208 -13.196 18.668 4.646 -15.635 17.899
3.138 -12.28 19.12 3.047 -10.852 18.772 2.689 -10.507 17.316 4.478 -11.296 19.884
1.681 -9.629 17.152 1.115 -9.155 15.854 0.118 -10.011 15.06 1.405 -8.26 15.515
0.098 -11.3 15.369 -0.73 -12.196 14.591 -2.211 -12.042 14.972 0.133 -13.816 15.172
-3.068 -12.444 14.053 -4.49 -12.592 14.231 -4.678 -14.07 14.523 -5.686 -11.842 12.945
-5.391 -14.37 15.6 -5.555 -15.735 16.038 -6.933 -15.915 16.665 -4.678 -14.916 19.239
-7.399 -17.153 16.784 -8.679 -17.436 17.387 -8.517 -17.777 18.872 -11.021 -18.279 15.552
-9.377 -17.156 19.645 -9.611 -17.428 21.048 -11.039 -17.995 21.066 -9.64 -16.273 23.279
-11.074 -19.31 21.029 -12.308 -20.062 20.824 -13.066 -19.436 19.654 -13.476 -21.967 24.034
-14.215 -18.813 19.919 -15.056 -18.296 18.829 -14.752 -16.884 18.413 -16.81 -17.72 19.804
-13.849 -16.218 19.142 -13.489 -14.859 18.85 -12.171 -14.762 18.072 -14.692 -13.628 20.634
-12.066 -13.677 17.32 -10.861 -13.318 16.596 -10.15 -12.235 17.359 -10.998 -13.151 14.7
-8.877 -12.404 17.497 -8.021 -11.507 18.288 -6.784 -11.15 17.507 -8.223 -12.484 20.155
-6.15 -10.024 17.871 -4.842 -9.656 17.407 -3.966 -9.616 18.646 -3.667 -6.809 14.783
-2.812 -10.285 18.561 -1.978 -10.389 19.737 -1.12 -9.149 19.979 -0.54 -11.81 20.309
-1.003 -8.782 21.244 -0.153 -7.694 21.679 1.315 -7.972 21.58 -0.541 -6.836 22.015
2.097 -6.884 21.682 3.542 -6.957 21.479 4.288 -7.735 22.604 3.96 -5.18 21.913
3.606 -8.012 23.726 4.15 -8.794 24.87 3.832 -10.292 24.789 2.269 -8.188 26.48
3.029 -10.72 23.806 2.514 -12.099 23.765 1.638 -12.554 24.951 2.743 -12.685 22.987
1.133 -11.624 25.775 0.351 -11.945 27.022 -0.918 -11.095 27.08 3.047 -11.166 29.001
-1.365 -10.587 25.904 -2.503 -9.713 25.818 -3.027 -9.773 24.407 -1.582 -8.076 25.712
-4.278 -9.334 24.241 -4.876 -9.284 22.934 -6.076 -8.311 22.937 -5.333 -10.714 22.482
-6.46 -7.944 21.729 -7.668 -7.277 21.49 -8.518 -8.214 20.666 -6.937 -5.608 20.642
-9.806 -8.275 20.923 -10.639 -9.352 20.375 -12.011 -8.813 20.033 -10.057 -10.897 21.672
-12.662 -9.568 19.169 -14.068 -9.43 18.917 -14.959 -9.77 20.14 -14.169 -10.528 17.348
-16.249 -9.4 20.097 -17.161 -9.406 21.264 -18.332 -10.405 21.086 -16.571 -5.765 22.386
-17.993 -11.626 20.64 -18.931 -12.714 20.708 -18.843 -13.378 22.083 -18.792 -13.595 18.197
-19.979 -13.899 22.531 -20.047 -14.77 23.703 -20.032 -16.211 23.175 -21.153 -15.467 27.463
-18.973 -16.951 23.49 -18.824 -18.298 22.988 -19.622 -19.204 23.953 -16.79 -18.14 22.561
-20.674 -19.83 23.457 -21.569 -20.574 24.294 -20.812 -21.781 24.901 -23.726 -19.755 23.288
-19.793 -22.205 24.129 -18.726 -23.163 24.447 -17.412 -22.407 24.565 -16.88 -24.745 23.332
