GLSPEKKKMLKKLIMQKAAEDLAN
CCCHHHHHHHHHHHHHHHHHHHHC
-18.123 -13.314 -3.442 -19.302 -12.579 -3.019 -19.042 -11.775 -1.762 -20.166 -12.62 -3.52
-19.871 -10.767 -1.531 -19.804 -10.008 -0.295 -21.088 -10.199 0.479 -18.393 -7.8 -0.372
-20.979 -10.355 1.795 -22.169 -10.343 2.634 -22.884 -9.024 2.396 -21.392 -9.942 4.32
-24.199 -8.986 2.603 -24.901 -7.716 2.415 -24.459 -6.64 3.416 -25.967 -9.217 2.866
-24.08 -7.029 4.631 -23.54 -6.062 5.587 -22.313 -5.376 5.01 -23.708 -7.734 8.477
-21.388 -6.167 4.48 -20.16 -5.603 3.926 -20.393 -4.827 2.636 -17.459 -7.419 5.229
-21.271 -5.33 1.776 -21.564 -4.619 0.535 -22.237 -3.275 0.831 -23.169 -5.562 -2.822
-23.178 -3.272 1.768 -23.839 -2.026 2.155 -22.847 -1.038 2.772 -27.005 -3.512 2.877
-21.955 -1.538 3.626 -20.93 -0.681 4.225 -20.037 -0.077 3.151 -18.884 -1.638 6.303
-19.632 -0.898 2.187 -18.781 -0.444 1.078 -19.429 0.701 0.316 -17.534 -1.61 -0.978
-20.693 0.518 -0.061 -21.421 1.559 -0.793 -21.567 2.83 0.038 -24.274 -0.108 -2.289
-21.866 2.655 1.323 -22.044 3.792 2.223 -20.772 4.621 2.34 -23.18 4.414 5.787
-19.655 3.934 2.551 -18.358 4.597 2.715 -17.882 5.3 1.441 -17.294 3.199 4.575
-18.152 4.684 0.3 -17.804 5.298 -0.974 -18.554 6.619 -1.142 -17.654 3.706 -2.747
-19.849 6.611 -0.841 -20.656 7.832 -0.97 -20.278 8.897 0.055 -22.582 7.542 -2.608
-19.99 8.469 1.28 -19.545 9.4 2.309 -18.276 10.117 1.859 -20.063 7.769 5.206
-17.335 9.368 1.301 -16.082 9.955 0.814 -16.319 10.943 -0.333 -12.876 10.137 0.573
-17.167 10.571 -1.286 -17.507 11.478 -2.382 -18.108 12.785 -1.847 -18.468 10.809 -3.34
-19.022 12.677 -0.886 -19.658 13.868 -0.304 -18.649 14.746 0.432 -20.78 13.455 0.642
-17.752 14.093 1.157 -16.705 14.767 1.913 -15.763 15.533 0.991 -14.683 13.215 4.078
-15.361 14.891 -0.097 -14.364 15.466 -0.997 -14.949 16.576 -1.855 -12.814 13.528 -1.136
-16.221 16.442 -2.216 -16.913 17.51 -2.924 -16.823 18.772 -2.075 -19.296 17.9 -4.023
-16.96 18.599 -0.76 -17.001 19.72 0.182 -15.653 20.411 0.397 -17.594 19.281 1.513
-14.605 19.855 -0.206 -13.333 20.552 -0.367 -12.261 19.665 -0.981 -12.52 22.551 0.858
