MSRRRHSDENDGGQPHKRRKTSD
CCCCCCCCCCCCCCCCCCCCCCC
43.363 50.303 39.221 42.947 51.399 38.348 42.434 52.636 39.11 41.346 49.458 36.499
42.786 52.753 40.391 42.322 53.876 41.216 42.9 55.209 40.769 42.132 53.31 43.025
42.068 56.244 40.768 42.519 57.571 40.363 42.412 58.537 41.528 39.996 58.428 37.47
43.552 59.036 41.991 43.548 60.026 43.06 43.138 61.386 42.503 46.061 58.103 45.907
42.935 62.355 43.388 42.559 63.692 42.959 43.635 64.326 42.083 39.478 64.596 45.738
43.206 64.94 40.985 44.124 65.638 40.096 44.81 66.79 40.819 44.783 67.077 37.391
46.104 66.941 40.567 46.904 67.963 41.233 46.415 69.388 40.956 48.448 67.709 40.147
45.695 69.572 39.853 45.235 70.903 39.468 43.924 71.331 40.139 46.38 71.058 37.268
43.292 70.435 40.892 42.049 70.792 41.579 42.335 71.255 43.011 40.535 67.814 42.207
41.468 72.109 43.551 41.635 72.58 44.925 41.136 71.538 45.925 39.527 73.931 44.964
41.204 71.856 47.214 40.838 70.89 48.243 39.379 70.993 48.674 41.676 72.232 50.164
38.57 71.7 47.89 37.138 71.709 48.125 36.477 73.075 48.221 36.646 70.843 48.214
37.266 74.145 48.141 36.715 75.491 48.058 36.447 76.231 49.362 36.531 75.885 47.157
36.73 75.604 50.5 36.516 76.268 51.787 37.468 77.447 51.946 34.839 74.951 53.29
36.993 78.536 52.571 37.85 79.694 52.839 39.105 79.268 53.603 36.045 79.85 53.367
40.252 79.818 53.228 41.494 79.556 53.953 41.648 80.443 55.19 42.76 78.268 51.38
41.034 81.621 55.141 41.173 82.613 56.202 39.825 83.259 56.447 44.636 83.822 54.969
39.656 83.844 57.631 38.398 84.482 58.01 38.683 85.82 58.678 36.527 82.078 60.597
37.989 86.86 58.233 38.109 88.184 58.842 36.966 88.37 59.832 37.395 91.924 56.989
37.272 88.878 61.027 36.252 89.071 62.05 35.627 90.458 61.907 36.063 88.923 65.844
34.352 90.496 61.53 33.679 91.761 61.251 32.642 92.143 62.298 33.062 91.314 59.483
32.406 91.259 63.265 31.47 91.559 64.353 31.844 90.822 65.632 29.892 90.529 64.072
31.327 91.29 66.764 31.574 90.619 68.037 30.275 90.103 68.651 32.922 90.866 70.092
