SAVKRPAATKKAGQAKKKKLD
CCCCCCHHHHHHHHHHHHCCC
43.233 45.914 35.459 43.911 47.04 34.826 43.255 48.379 35.174 43.382 46.569 33.052
42.302 48.349 36.104 41.678 49.575 36.588 42.591 50.274 37.593 40.33 49.282 37.214
42.8 51.569 37.392 43.602 52.364 38.309 42.715 53.362 39.044 45.286 53.077 37.639
43.012 53.578 40.32 42.305 54.556 41.129 42.724 55.956 40.704 41.332 52.642 43.849
41.789 56.899 40.754 42.083 58.268 40.353 41.779 59.27 41.466 39.688 58.76 37.5
42.783 60.072 41.844 42.572 61.162 42.799 41.665 62.237 42.209 44.309 61.0 42.081
41.032 63.028 43.071 40.118 64.078 42.63 40.771 65.004 41.616 39.615 64.879 43.822
39.988 65.447 40.637 40.505 66.323 39.587 40.6 67.771 40.059 39.628 66.232 38.339
39.865 68.087 41.116 39.706 69.463 41.543 39.95 69.602 43.036 37.886 69.665 40.952
40.508 70.74 43.429 40.664 71.078 44.832 39.3 71.34 45.454 41.303 74.091 46.371
39.117 70.888 46.687 37.908 71.199 47.431 38.277 71.411 48.893 34.92 70.079 46.638
37.935 72.58 49.425 38.319 72.932 50.789 37.362 73.938 51.419 39.742 73.486 50.803
37.425 74.061 52.741 36.69 75.09 53.443 37.407 76.422 53.288 35.842 74.913 53.943
37.0 77.409 54.074 37.583 78.744 53.985 38.97 78.767 54.62 36.042 81.634 54.764
39.983 79.148 53.848 41.355 79.163 54.352 41.596 80.252 55.4 42.351 79.305 53.196
40.976 81.412 55.202 41.151 82.552 56.102 39.804 83.209 56.35 44.526 83.73 54.696
39.658 83.851 57.506 38.393 84.472 57.888 38.647 85.815 58.536 36.459 81.432 59.277
37.886 86.806 58.102 37.952 88.153 58.653 36.879 88.278 59.741 37.256 91.513 56.889
37.241 88.819 60.902 36.272 89.012 61.977 35.553 90.362 61.82 36.124 88.995 65.634
34.243 90.31 61.6 33.465 91.512 61.305 32.91 92.162 62.569 32.574 90.905 58.94
32.65 91.345 63.581 32.133 91.848 64.847 32.213 90.767 65.91 30.201 91.281 64.674
