NNMTWMEWDREINNYTSLIHSLIEESQN
CCCCHHHHHHHHHHHHHHHHHHHHHHCC
10.327 -25.745 -20.14 9.034 -25.846 -19.472 8.095 -24.709 -19.884 9.861 -24.679 -17.426
7.218 -24.303 -18.97 6.185 -23.314 -19.263 6.683 -21.867 -19.281 4.267 -24.634 -18.359
7.957 -21.661 -18.966 8.481 -20.31 -18.771 8.519 -19.504 -20.074 9.86 -19.206 -16.896
7.973 -18.291 -20.018 8.031 -17.346 -21.128 8.715 -16.087 -20.623 6.137 -17.107 -21.394
9.114 -15.205 -21.532 9.837 -14.01 -21.128 8.952 -13.04 -20.355 13.351 -14.249 -22.204
7.659 -12.996 -20.666 6.761 -12.144 -19.892 6.553 -12.689 -18.472 4.421 -11.107 -21.593
6.467 -14.006 -18.333 6.361 -14.619 -17.009 7.661 -14.398 -16.231 5.32 -16.326 -15.316
8.787 -14.518 -16.927 10.1 -14.279 -16.342 10.143 -12.87 -15.759 13.874 -13.216 -16.926
9.724 -11.877 -16.543 9.687 -10.486 -16.091 8.873 -10.373 -14.814 9.856 -9.276 -18.255
7.684 -10.963 -14.851 6.754 -10.885 -13.725 7.391 -11.424 -12.448 3.682 -13.197 -12.472
7.974 -12.614 -12.541 8.548 -13.286 -11.373 9.765 -12.52 -10.852 8.238 -16.538 -12.22
10.608 -12.024 -11.753 11.738 -11.188 -11.343 11.266 -10.001 -10.509 13.452 -11.045 -12.621
10.25 -9.299 -11.001 9.748 -8.112 -10.321 9.169 -8.439 -8.949 9.258 -6.742 -12.336
8.437 -9.545 -8.866 7.827 -9.966 -7.599 8.88 -10.307 -6.547 5.671 -10.822 -8.478
9.916 -11.044 -6.938 10.97 -11.383 -5.988 11.742 -10.132 -5.577 10.952 -15.167 -6.531
11.994 -9.235 -6.524 12.754 -8.029 -6.241 12.023 -7.136 -5.239 13.523 -7.081 -7.728
10.707 -7.016 -5.39 9.889 -6.214 -4.485 9.892 -6.802 -3.079 8.015 -5.914 -4.503
9.78 -8.122 -3.004 9.818 -8.809 -1.716 11.169 -8.592 -1.04 9.405 -11.208 -0.735
12.259 -8.723 -1.787 13.571 -8.547 -1.183 13.735 -7.117 -0.683 15.172 -9.613 -2.532
13.251 -6.143 -1.448 13.361 -4.749 -1.029 12.702 -4.558 0.333 13.803 -3.638 -3.996
11.508 -5.12 0.483 10.742 -5.029 1.722 11.468 -5.68 2.89 8.997 -5.385 1.047
12.057 -6.844 2.635 12.729 -7.613 3.687 13.965 -6.887 4.195 12.259 -10.161 3.055
14.698 -6.286 3.265 15.921 -5.56 3.576 15.612 -4.283 4.346 17.397 -5.538 1.678
14.538 -3.607 3.953 14.113 -2.383 4.615 13.614 -2.691 6.021 11.688 -0.226 3.802
12.747 -3.693 6.147 12.226 -4.074 7.458 13.39 -4.378 8.4 10.054 -6.468 8.414
14.466 -4.935 7.851 15.667 -5.216 8.633 16.369 -3.93 9.064 16.35 -6.722 7.704
16.328 -2.914 8.203 16.892 -1.602 8.526 16.263 -1.105 9.816 17.804 -0.992 5.887
15.028 -1.533 10.056 14.324 -1.2 11.284 14.602 -2.25 12.353 12.473 -0.372 9.823
