SGIVQQQNNLLRAIEAQQHLLQLTVWGIKQLQARIL
CCHHHHHHHHHHHHHHHHHHHHHHHHHHHHHHHHHC
28.559 1.263 34.934 27.558 0.241 34.669 26.278 0.88 34.139 26.758 -1.049 35.816
25.891 2.005 34.732 24.66 2.677 34.355 24.685 3.162 32.92 23.9 2.79 34.995
25.839 3.649 32.485 26.01 4.106 31.115 25.923 2.939 30.131 27.68 5.806 30.968
26.584 1.834 30.447 26.506 0.649 29.603 25.066 0.101 29.571 27.965 -0.64 29.766
24.387 0.093 30.712 23.004 -0.388 30.755 22.096 0.488 29.903 20.93 -1.151 33.264
22.327 1.79 29.915 21.495 2.717 29.152 21.701 2.502 27.648 20.057 5.079 29.257
22.919 2.128 27.255 23.18 1.806 25.856 22.335 0.614 25.44 25.217 3.142 24.717
22.238 -0.372 26.324 21.407 -1.519 26.031 19.932 -1.124 25.963 21.087 -3.889 26.572
19.495 -0.252 26.865 18.112 0.242 26.844 17.796 0.867 25.488 17.82 0.762 29.285
18.69 1.728 25.019 18.454 2.426 23.755 18.423 1.452 22.584 19.485 4.783 24.254
19.33 0.481 22.595 19.365 -0.556 21.579 18.027 -1.301 21.56 20.984 -2.517 20.9
17.537 -1.652 22.745 16.275 -2.373 22.861 15.122 -1.532 22.339 15.348 -4.437 26.291
15.134 -0.23 22.614 14.068 0.65 22.125 14.087 0.714 20.597 14.221 2.037 22.712
15.277 0.872 20.022 15.42 0.923 18.573 14.929 -0.38 17.925 17.514 1.942 18.029
15.227 -1.517 18.547 14.799 -2.8 18.008 13.27 -2.91 18.033 17.16 -4.726 19.419
12.649 -2.485 19.129 11.176 -2.498 19.241 10.569 -1.583 18.177 10.733 -2.065 20.624
11.172 -0.41 18.019 10.754 0.539 16.987 10.797 -0.105 15.608 11.227 3.684 17.271
11.822 -0.915 15.362 11.98 -1.581 14.074 10.85 -2.574 13.835 13.542 -2.041 12.045
10.439 -3.278 14.884 9.313 -4.201 14.765 8.032 -3.455 14.42 10.623 -6.653 16.204
7.83 -2.304 15.047 6.686 -1.461 14.713 6.75 -0.995 13.258 5.875 -0.252 16.888
7.93 -0.561 12.817 8.129 -0.128 11.429 7.756 -1.232 10.442 10.021 1.703 11.347
8.169 -2.452 10.751 7.88 -3.607 9.912 6.368 -3.812 9.779 9.242 -6.684 10.141
5.646 -3.625 10.88 4.187 -3.742 10.871 3.515 -2.639 10.059 3.67 -4.953 13.126
4.022 -1.41 10.135 3.408 -0.336 9.354 3.64 -0.563 7.857 4.217 1.211 10.2
4.809 -1.086 7.498 5.092 -1.445 6.11 4.105 -2.501 5.609 6.951 -1.788 5.559
3.859 -3.528 6.417 2.911 -4.577 6.06 1.527 -3.99 5.803 0.269 -7.196 7.01
1.073 -3.125 6.706 -0.242 -2.514 6.599 -0.371 -1.675 5.345 -0.954 -2.651 7.288
0.668 -0.909 5.041 0.654 -0.061 3.858 0.591 -0.911 2.601 2.173 1.75 4.093
1.366 -1.989 2.57 1.345 -2.893 1.424 -0.033 -3.526 1.236 4.922 -4.222 1.328
-0.678 -3.912 2.331 -2.017 -4.491 2.248 -3.009 -3.524 1.609 -2.388 -6.859 3.513
-2.961 -2.272 2.046 -3.859 -1.241 1.545 -3.573 -0.931 0.085 -4.386 0.205 3.666
-2.29 -0.894 -0.26 -1.867 -0.639 -1.627 -2.466 -1.698 -2.548 0.217 -1.078 -3.573
-2.375 -2.958 -2.134 -2.819 -4.086 -2.95 -4.311 -4.014 -3.222 -2.488 -5.399 -2.263
-5.05 -3.452 -2.275 -6.501 -3.372 -2.381 -6.927 -2.169 -3.214 -7.151 -5.333 1.416
-6.183 -1.076 -3.084 -6.545 0.192 -3.706 -5.952 0.325 -5.103 -6.419 1.949 -2.104
-4.799 -0.302 -5.308 -4.181 -0.37 -6.627 -4.137 -1.816 -7.111 -2.307 1.526 -6.196
