PKQRCRAPACDHFGNAKCNGYCNECFQFKQMYG
CCCCCCCCCCCCCCCCCCCCCHHHHHHHHHHHC
-16.067 16.868 -35.432 -17.214 16.663 -36.323 -17.981 15.407 -35.934 -15.519 16.304 -37.058
-19.253 15.578 -35.586 -20.052 14.517 -34.98 -19.42 14.074 -33.659 -20.258 13.332 -35.929
-19.152 15.047 -32.795 -18.648 14.765 -31.459 -19.79 14.709 -30.444 -15.95 16.742 -31.432
-19.749 13.707 -29.574 -20.726 13.603 -28.505 -20.624 14.813 -27.595 -22.475 10.216 -29.438
-21.736 15.159 -26.962 -21.782 16.257 -26.01 -20.744 16.092 -24.909 -23.212 16.88 -24.706
-20.111 17.195 -24.524 -19.041 17.171 -23.529 -19.479 16.637 -22.174 -16.829 20.807 -23.19
-20.759 16.796 -21.862 -21.279 16.393 -20.568 -21.218 14.879 -20.368 -22.694 16.909 -20.385
-20.869 14.456 -19.143 -20.765 13.039 -18.785 -22.103 12.334 -18.905 -20.462 14.29 -17.399
-22.097 11.154 -19.518 -23.293 10.322 -19.672 -24.37 10.902 -20.598 -23.89 9.966 -18.303
-24.101 12.054 -21.189 -24.983 12.594 -22.214 -24.548 12.131 -23.596 -25.518 14.456 -22.852
-25.459 11.466 -24.296 -25.164 10.929 -25.614 -25.791 11.763 -26.731 -24.702 8.554 -25.036
-26.061 13.039 -26.462 -26.411 13.951 -27.546 -25.124 14.321 -28.244 -29.192 15.06 -26.394
-25.251 14.912 -29.425 -24.099 15.439 -30.132 -23.947 16.897 -29.754 -24.585 12.945 -32.361
-22.719 17.325 -29.507 -22.483 18.715 -29.188 -22.365 19.518 -30.46 -22.414 19.06 -28.252
-22.32 20.836 -30.314 -22.061 21.716 -31.438 -21.104 22.818 -31.023 -24.078 23.104 -31.037
-20.393 23.376 -31.991 -19.34 24.332 -31.694 -19.854 25.61 -31.042 -18.563 24.658 -32.952
-21.102 25.973 -31.316 -21.656 27.22 -30.789 -21.996 27.094 -29.304 -24.029 29.467 -30.939
-22.161 25.854 -28.85 -22.417 25.572 -27.442 -21.168 25.061 -26.734 -24.378 24.872 -27.479
-20.004 25.378 -27.295 -18.705 25.022 -26.716 -18.378 23.534 -26.622 -17.826 26.931 -25.428
-19.126 22.704 -27.338 -18.905 21.271 -27.294 -20.027 20.549 -26.575 -18.097 20.843 -27.7
-20.927 21.318 -25.971 -22.129 20.76 -25.36 -23.273 20.722 -26.366 -20.697 21.458 -21.931
-24.305 19.935 -26.078 -25.507 19.97 -26.885 -26.328 21.178 -26.464 -26.691 18.6 -25.891
-27.357 21.487 -27.242 -28.216 22.622 -26.951 -28.904 22.534 -25.584 -28.692 23.045 -29.348
-29.394 21.348 -25.251 -30.171 21.172 -24.044 -29.281 21.376 -22.832 -32.399 18.77 -23.342
-28.118 20.736 -22.845 -27.167 20.875 -21.751 -26.658 22.298 -21.626 -26.224 19.068 -21.664
-26.405 22.938 -22.76 -25.982 24.33 -22.751 -27.076 25.203 -22.147 -24.437 26.982 -24.234
-28.333 24.872 -22.432 -29.452 25.618 -21.867 -29.509 25.463 -20.349 -32.743 25.501 -22.503
-29.358 24.229 -19.877 -29.364 23.967 -18.443 -28.215 24.67 -17.736 -31.559 21.387 -18.244
-27.078 24.787 -18.414 -25.926 25.474 -17.836 -26.232 26.942 -17.566 -22.716 25.311 -19.173
-27.002 27.561 -18.451 -27.41 28.94 -18.232 -28.388 28.987 -17.065 -27.404 30.141 -21.243
-29.215 27.948 -16.958 -30.271 27.882 -15.952 -29.759 27.578 -14.547 -32.658 26.286 -17.289
-28.837 26.626 -14.426 -28.425 26.138 -13.109 -26.952 26.317 -12.769 -31.644 24.222 -12.794
-26.066 25.841 -13.64 -24.646 25.781 -13.329 -23.842 27.005 -13.735 -24.26 24.976 -12.879
