NAFSELDSADPRVMLRRIIQNQPQVDPLALQ
CCCHHHHCCCHHHHHHHHHHCCCCCCCCCCC
-34.854 -16.545 23.277 -35.534 -15.967 22.122 -35.97 -17.006 21.088 -33.502 -15.556 20.787
-36.246 -16.535 19.88 -36.628 -17.413 18.78 -35.479 -18.254 18.198 -37.307 -16.604 17.664
-34.223 -17.853 18.438 -33.054 -18.558 17.875 -32.485 -19.499 18.882 -33.031 -16.46 15.265
-33.208 -19.693 19.996 -32.621 -20.444 21.065 -32.07 -21.809 20.57 -33.378 -20.831 22.721
-32.889 -22.464 19.806 -32.522 -23.82 19.397 -31.315 -23.813 18.454 -34.088 -26.226 17.823
-31.381 -22.939 17.458 -30.154 -22.775 16.609 -28.917 -22.356 17.381 -31.131 -22.308 14.18
-29.02 -21.382 18.306 -27.825 -21.033 19.069 -27.198 -22.143 19.858 -28.574 -18.661 19.417
-28.021 -23.059 20.379 -27.359 -24.166 21.028 -27.048 -25.458 20.168 -28.715 -24.928 22.067
-27.495 -25.54 18.932 -27.182 -26.715 18.093 -25.706 -26.826 17.793 -27.985 -26.584 16.788
-25.219 -28.046 17.71 -23.838 -28.281 17.393 -23.706 -28.076 15.865 -22.102 -29.9 17.647
-22.706 -27.271 15.383 -22.613 -26.998 13.934 -22.445 -28.339 13.158 -21.429 -26.022 15.07
-21.828 -29.352 13.754 -21.617 -30.626 13.038 -22.967 -31.334 12.667 -18.963 -31.965 16.076
-23.902 -31.259 13.575 -25.288 -31.644 13.301 -25.866 -30.821 12.223 -26.514 -31.985 14.813
-25.718 -29.476 12.272 -26.298 -28.674 11.225 -25.656 -28.964 9.842 -26.846 -25.872 12.458
-24.362 -29.257 9.866 -23.675 -29.476 8.592 -24.157 -30.821 8.022 -21.442 -28.301 8.894
-24.235 -31.797 8.896 -24.767 -33.102 8.473 -26.229 -32.986 7.97 -23.038 -36.281 8.078
-27.087 -32.125 8.533 -28.431 -31.957 8.016 -28.404 -31.539 6.543 -31.089 -32.545 10.926
-27.483 -30.628 6.223 -27.398 -30.237 4.796 -26.875 -31.42 3.979 -26.453 -28.01 4.597
-25.866 -32.087 4.461 -25.197 -33.066 3.585 -26.247 -34.227 3.322 -23.006 -33.484 4.408
-26.978 -34.629 4.343 -27.913 -35.805 4.185 -29.158 -35.476 3.455 -26.713 -37.503 5.809
-29.567 -34.213 3.439 -30.851 -33.868 2.861 -30.91 -33.091 1.548 -31.899 -34.004 5.072
-29.755 -32.68 1.051 -29.755 -31.858 -0.152 -29.09 -32.728 -1.18 -30.341 -29.414 0.668
-29.6 -32.683 -2.409 -28.992 -33.543 -3.443 -27.701 -33.008 -3.926 -30.578 -32.615 -3.9
-26.819 -33.877 -4.381 -25.519 -33.352 -4.767 -25.532 -32.673 -6.127 -23.607 -35.891 -5.641
-24.698 -31.633 -6.24 -24.52 -30.812 -7.436 -23.019 -30.753 -7.716 -25.421 -29.158 -6.701
-22.589 -30.319 -8.914 -21.188 -30.131 -9.191 -20.59 -29.051 -8.311 -21.065 -30.803 -11.55
-19.391 -29.285 -7.858 -18.51 -28.256 -7.285 -18.151 -27.241 -8.346 -17.694 -29.879 -7.72
-17.946 -26.015 -7.89 -17.606 -24.948 -8.812 -16.115 -25.042 -8.855 -18.196 -22.308 -8.931
-15.508 -24.724 -9.996 -14.036 -24.724 -10.055 -13.501 -23.298 -10.284 -13.529 -25.649 -11.174
-12.231 -23.072 -9.941 -11.574 -21.822 -10.327 -11.736 -21.585 -11.824 -10.113 -21.218 -8.659
-11.547 -22.652 -12.607 -11.618 -22.632 -14.078 -10.635 -21.642 -14.734 -14.483 -21.172 -15.215
