TQWDDWVDKMENLNHDILTTLHTARNNLEQSMITFNT
CCHHHHHHHHHHCCHHHHHHHHHHHHHHHHHHHHCCC
15.99 36.609 33.785 14.649 36.857 33.271 13.622 36.824 34.388 14.468 35.348 32.05
12.42 37.265 34.049 11.295 37.238 34.959 11.081 35.84 35.525 8.158 38.064 34.251
11.086 34.842 34.645 10.79 33.468 35.036 11.898 32.89 35.918 8.446 30.537 34.366
13.152 33.098 35.524 14.291 32.615 36.314 14.269 33.201 37.719 15.854 32.255 34.429
13.856 34.457 37.826 13.855 35.125 39.12 12.777 34.529 40.019 14.826 37.308 38.474
11.638 34.175 39.431 10.564 33.503 40.175 11.033 32.143 40.682 7.411 35.263 38.018
11.697 31.386 39.811 12.269 30.087 40.163 13.24 30.205 41.334 12.919 28.895 38.756
14.137 31.18 41.264 15.092 31.415 42.353 14.416 31.733 43.686 16.989 32.123 40.967
13.378 32.561 43.641 12.649 32.93 44.86 11.899 31.727 45.439 11.616 36.495 44.216
11.262 30.96 44.558 10.551 29.757 44.975 11.509 28.792 45.664 8.454 28.55 44.392
12.696 28.626 45.096 13.64 27.668 45.66 14.241 28.122 46.993 14.962 26.316 42.922
14.494 29.416 47.119 14.93 29.964 48.398 13.854 29.829 49.472 16.544 31.586 47.462
12.606 30.073 49.083 11.469 29.871 49.975 11.334 28.397 50.403 9.798 31.748 49.522
11.546 27.471 49.468 11.571 26.043 49.8 12.495 25.791 50.98 11.045 24.987 47.586
13.708 26.321 50.887 14.69 26.107 51.941 14.252 26.753 53.257 17.588 26.44 53.103
13.782 27.997 53.18 13.307 28.727 54.355 12.203 27.963 55.084 13.742 31.02 53.49
11.263 27.409 54.329 10.129 26.711 54.939 10.571 25.393 55.578 8.208 26.902 53.577
11.468 24.682 54.902 12.044 23.457 55.457 12.687 23.716 56.809 12.928 21.692 53.696
13.481 24.776 56.894 14.18 25.086 58.14 13.207 25.567 59.208 15.444 26.369 57.428
12.188 26.307 58.783 11.184 26.822 59.703 10.37 25.687 60.328 10.125 28.378 59.207
9.952 24.722 59.514 9.208 23.572 60.026 10.057 22.757 60.989 7.528 23.006 58.089
11.325 22.542 60.647 12.227 21.815 61.545 12.351 22.526 62.901 15.014 20.443 62.135
12.499 23.841 62.857 12.622 24.643 64.058 11.364 24.541 64.915 13.312 26.428 63.907
10.202 24.673 64.28 8.913 24.535 64.959 8.805 23.192 65.657 7.763 24.706 63.966
9.139 22.119 64.949 9.019 20.783 65.533 9.996 20.607 66.695 7.509 18.609 61.792
11.186 21.176 66.55 12.184 21.115 67.603 11.763 21.874 68.862 14.569 21.377 68.053
11.205 23.067 68.683 10.676 23.821 69.812 9.512 23.108 70.492 11.45 26.083 69.151
8.636 22.504 69.697 7.529 21.717 70.245 8.071 20.551 71.056 5.31 20.605 69.424
8.98 19.781 70.47 9.559 18.646 71.194 10.237 19.066 72.511 9.938 16.112 70.901
10.951 20.184 72.483 11.581 20.702 73.699 10.549 21.017 74.789 13.633 21.93 74.946
9.448 21.65 74.396 8.41 22.012 75.362 7.737 20.777 75.95 6.988 22.662 74.255
7.562 19.749 75.131 6.931 18.528 75.607 7.827 17.825 76.619 5.366 17.133 73.376
9.097 17.697 76.275 10.06 17.054 77.164 10.169 17.793 78.492 11.954 16.292 75.968
10.21 19.119 78.428 10.311 19.929 79.643 9.06 19.787 80.508 11.01 21.731 79.509
7.894 19.808 79.869 6.637 19.66 80.599 6.571 18.324 81.33 3.253 19.522 80.79
7.139 17.295 80.721 7.099 15.964 81.318 8.296 15.66 82.229 5.584 14.929 79.65
9.015 16.713 82.618 10.188 16.604 83.486 9.807 16.619 84.961 11.753 17.696 83.14
