ALRSCPMCQKEFAPRLTQLDVDSHLAQCLAESTEDVTW
CCCCCCCCCCHHHCCCHHCCHHHHHHHHHHHCCCCCCC
20.465 0.145 -0.422 21.442 1.155 -0.914 22.836 0.963 -0.359 21.012 2.551 -0.547
22.943 0.661 0.917 24.188 0.909 1.588 25.305 0.088 1.001 23.661 1.672 4.047
26.398 0.779 0.726 27.581 0.154 0.181 28.656 -0.004 1.222 28.779 1.289 -3.116
28.505 0.7 2.341 29.406 0.476 3.475 28.708 0.865 4.762 30.679 1.882 3.288
29.191 0.288 5.845 28.596 0.588 7.129 28.969 2.003 7.528 28.761 -0.218 8.998
27.973 2.801 7.918 28.273 4.176 8.331 28.941 4.272 9.709 26.458 3.689 8.303
28.961 3.175 10.453 29.515 3.195 11.81 30.981 2.74 11.767 26.983 2.142 13.023
31.25 1.636 11.086 32.585 1.037 11.101 33.297 1.05 9.754 32.217 -0.995 11.0
32.644 1.594 8.74 33.143 1.663 7.375 33.428 0.349 6.66 33.783 4.026 8.479
32.98 -0.765 7.189 33.153 -2.038 6.478 32.421 -1.943 5.153 32.234 -5.446 6.615
33.066 -2.404 4.084 32.413 -2.428 2.764 31.388 -3.573 2.676 35.383 -2.418 1.099
30.221 -3.312 2.12 29.254 -4.382 1.955 29.377 -5.0 0.564 27.38 -3.096 4.479
29.945 -6.2 0.514 30.122 -6.922 -0.751 28.761 -7.235 -1.383 30.931 -8.206 -0.525
28.721 -7.444 -2.719 27.423 -7.712 -3.379 26.808 -9.042 -3.003 28.911 -7.386 -4.513
27.609 -9.996 -2.531 27.036 -11.263 -2.055 26.106 -11.11 -0.796 30.798 -12.006 -0.103
26.2 -9.981 -0.098 25.362 -9.728 1.092 23.942 -9.377 0.705 27.034 -8.88 2.824
22.991 -10.024 1.352 21.576 -9.667 1.211 21.234 -8.468 2.078 20.792 -11.35 1.79
20.045 -7.919 1.854 19.566 -6.803 2.661 19.523 -7.211 4.124 16.685 -5.054 2.429
19.106 -8.447 4.373 19.063 -9.013 5.728 20.442 -9.069 6.381 18.129 -11.294 6.791
21.425 -9.524 5.622 22.813 -9.509 6.112 23.253 -8.113 6.502 23.547 -11.441 4.716
22.94 -7.154 5.668 23.385 -5.796 5.907 22.689 -5.245 7.152 23.477 -4.556 4.43
21.389 -5.491 7.258 20.634 -4.987 8.409 21.178 -5.58 9.708 18.489 -4.469 7.29
21.491 -6.866 9.653 22.04 -7.562 10.78 23.395 -6.961 11.193 22.555 -9.373 10.952
24.211 -6.626 10.21 25.532 -6.011 10.479 25.334 -4.667 11.133 28.184 -4.605 9.606
24.429 -3.908 10.561 24.11 -2.573 11.109 23.629 -2.661 12.561 23.289 -1.207 8.997
22.766 -3.639 12.836 22.223 -3.794 14.152 23.359 -4.047 15.179 21.192 -4.92 14.175
24.277 -4.908 14.793 25.406 -5.213 15.654 26.295 -4.014 15.888 26.097 -8.273 14.715
26.551 -3.237 14.838 27.35 -2.036 14.993 26.661 -1.002 15.85 28.598 -1.725 13.398
25.362 -0.846 15.68 24.643 0.053 16.531 24.67 -0.37 18.024 22.317 1.266 16.424
24.481 -1.659 18.277 24.407 -2.189 19.624 25.731 -2.058 20.327 24.021 -3.648 19.576
26.792 -2.161 19.555 28.118 -2.159 20.169 28.523 -0.726 20.546 30.938 -2.969 19.804
27.921 0.271 19.912 28.239 1.647 20.235 27.52 2.053 21.512 27.382 2.872 19.03
28.292 2.724 22.341 27.89 3.051 23.679 26.861 4.199 23.583 29.687 3.006 24.549
26.949 5.01 22.518 26.01 6.103 22.221 25.056 5.784 21.077 26.806 8.358 23.571
23.917 6.46 21.079 22.986 6.389 19.954 23.491 7.127 18.744 20.787 5.909 20.893
23.509 6.446 17.617 24.047 6.981 16.405 22.943 7.176 15.401 25.605 5.954 15.794
23.127 8.177 14.54 22.259 8.478 13.415 23.067 8.3 12.168 21.399 10.223 13.483
22.43 7.892 11.083 23.09 7.888 9.798 22.103 8.15 8.685 22.466 4.439 10.071
