HPEPVASWMSEQRWAGEPEVMCTLQHKSIA
CCCCHHHHHHCCCCCCCCCEEEEEECCCCC
90.73 115.587 -33.058 91.208 114.217 -32.937 90.127 113.287 -33.431 93.424 114.838 -30.788
89.052 113.18 -32.656 88.048 112.11 -32.824 87.502 112.1 -34.245 87.749 113.386 -31.436
87.24 110.912 -34.725 86.987 110.729 -36.119 85.648 109.936 -36.261 88.749 111.057 -38.2
84.684 110.428 -37.074 83.334 109.828 -37.035 83.328 108.32 -37.407 83.605 111.264 -38.261
84.161 107.973 -38.362 84.224 106.584 -38.813 84.749 105.66 -37.711 84.918 106.182 -40.635
85.763 106.094 -36.977 86.372 105.235 -35.97 85.401 105.096 -34.829 87.692 105.845 -35.473
84.781 106.23 -34.507 83.703 106.307 -33.561 82.504 105.378 -33.903 82.758 107.79 -32.969
82.052 105.392 -35.147 81.008 104.45 -35.527 81.524 102.994 -35.351 80.021 102.277 -38.684
82.728 102.695 -35.86 83.206 101.307 -35.865 83.36 100.784 -34.431 85.666 99.626 -37.249
83.851 101.648 -33.564 83.953 101.327 -32.174 82.548 100.998 -31.577 84.718 102.314 -30.76
81.52 101.8 -31.861 80.18 101.486 -31.383 79.745 100.12 -31.945 78.826 104.519 -31.905
80.168 99.758 -33.158 79.692 98.487 -33.717 80.34 97.268 -33.073 78.282 99.54 -35.504
81.377 97.5 -32.311 82.135 96.369 -31.731 81.284 95.521 -30.745 84.34 93.946 -30.214
80.412 96.207 -30.018 79.581 95.562 -29.013 78.107 95.483 -29.453 80.632 94.014 -25.85
77.864 95.653 -30.745 76.524 95.591 -31.322 76.13 94.171 -31.748 76.429 96.566 -32.514
74.86 93.956 -32.057 74.41 92.649 -32.525 72.903 92.573 -32.349 75.015 91.944 -32.894
72.177 92.168 -33.387 70.729 91.994 -33.293 70.476 90.608 -32.728 69.878 93.975 -34.804
69.933 90.579 -31.527 69.743 89.342 -30.789 68.502 88.644 -31.314 69.156 90.924 -29.947
68.426 87.33 -31.108 67.165 86.635 -31.359 66.156 87.184 -30.381 67.484 85.018 -33.202
64.901 87.251 -30.818 63.867 88.018 -30.125 62.741 87.152 -29.521 63.348 89.261 -31.596
62.724 85.862 -29.845 61.671 84.993 -29.315 61.681 85.001 -27.779 60.714 81.815 -29.657
60.507 85.17 -27.168 60.338 85.166 -25.715 60.428 83.722 -25.29 58.772 85.686 -24.429
61.142 83.434 -24.187 61.302 82.063 -23.729 60.533 81.774 -22.425 63.24 82.069 -23.584
59.647 82.685 -22.004 58.809 82.456 -20.841 57.818 81.325 -21.123 58.702 84.809 -19.695
57.531 80.519 -20.134 56.613 79.422 -20.4 55.264 79.724 -19.777 58.041 76.76 -20.891
54.206 79.351 -20.487 52.839 79.668 -20.045 52.245 78.417 -19.375 49.927 80.665 -20.921
51.658 78.589 -18.197 50.839 77.526 -17.58 49.387 77.804 -17.844 52.979 76.711 -14.494
48.736 76.958 -18.597 47.396 77.285 -19.02 46.469 77.115 -17.82 46.733 75.774 -19.88
45.506 78.027 -17.646 44.56 77.96 -16.522 43.735 76.701 -16.675 43.972 79.692 -15.768
43.368 76.388 -17.922 42.497 75.247 -18.178 43.123 73.934 -17.677 42.126 75.153 -19.667
