SEDYERRRSECVSEMLDLEKQFSELKEKLFRERLS
CHHHHHHHHHHHHHHHHHHHHHHHHHHHHHHHHHC
19.155 37.578 42.203 19.01 36.712 41.011 18.928 35.267 41.493 20.826 36.694 40.361
18.474 34.369 40.625 18.325 32.962 40.957 18.77 32.202 39.748 15.649 31.123 41.733
19.681 31.257 39.973 20.115 30.359 38.906 19.049 29.292 38.763 22.022 29.176 37.936
17.937 29.671 38.132 16.754 28.772 38.085 17.093 27.376 37.555 14.845 32.005 37.835
17.845 27.307 36.463 18.209 26.019 35.839 19.191 25.196 36.649 17.361 25.427 33.49
20.096 25.867 37.352 20.958 25.118 38.272 20.112 24.499 39.306 22.966 26.527 41.366
19.232 25.291 39.943 18.334 24.732 40.993 17.406 23.634 40.531 17.255 28.051 43.539
16.856 23.819 39.339 16.052 22.801 38.729 16.816 21.496 38.541 13.599 21.65 35.433
18.029 21.594 37.997 18.884 20.424 37.842 19.26 19.712 39.136 19.954 21.014 36.423
19.612 20.444 40.181 19.837 19.765 41.47 18.611 18.984 41.949 21.694 22.089 42.928
17.411 19.548 41.751 16.189 18.849 42.194 15.983 17.614 41.321 14.184 19.464 42.263
16.108 17.806 40.003 15.957 16.686 39.064 16.953 15.564 39.393 15.762 16.936 37.132
18.21 15.924 39.593 19.222 14.924 39.887 18.853 14.109 41.127 20.789 15.903 39.451
18.247 14.733 42.156 17.855 13.97 43.377 16.728 13.018 43.126 19.261 14.887 45.345
15.762 13.47 42.334 14.659 12.621 41.936 15.154 11.447 41.127 12.197 14.412 41.874
16.024 11.709 40.141 16.685 10.619 39.412 17.388 9.641 40.348 17.173 11.741 37.199
18.064 10.177 41.363 18.762 9.313 42.287 17.805 8.441 43.038 20.752 10.644 42.662
16.735 9.039 43.574 15.803 8.234 44.391 15.139 7.183 43.479 13.872 8.556 46.03
14.777 7.584 42.263 14.102 6.661 41.383 15.051 5.513 40.971 13.137 5.952 38.866
16.355 5.785 40.817 17.307 4.673 40.532 17.438 3.692 41.736 20.498 5.308 40.222
17.375 4.218 42.958 17.283 3.306 44.148 16.023 2.409 44.103 19.343 4.404 45.252
14.887 3.008 43.784 13.656 2.232 43.671 13.846 1.177 42.568 11.6 4.714 44.971
14.383 1.584 41.432 14.599 0.637 40.333 15.527 -0.505 40.601 14.522 1.774 38.879
16.627 -0.216 41.279 17.536 -1.242 41.684 16.874 -2.278 42.581 20.421 0.436 41.679
15.993 -1.836 43.49 15.276 -2.756 44.353 14.328 -3.597 43.499 13.932 -2.805 46.536
13.576 -2.953 42.594 12.649 -3.69 41.715 13.429 -4.732 40.883 9.908 -1.382 40.329
14.618 -4.373 40.403 15.371 -5.332 39.577 15.871 -6.522 40.405 15.792 -4.643 37.015
16.325 -6.249 41.637 16.7 -7.317 42.559 15.505 -8.271 42.806 17.964 -7.363 45.938
14.325 -7.706 43.053 13.15 -8.508 43.362 12.715 -9.349 42.156 12.054 -7.062 45.233
12.813 -8.748 40.979 12.494 -9.412 39.706 13.439 -10.624 39.522 11.844 -9.081 36.284
14.746 -10.387 39.63 15.707 -11.471 39.392 15.501 -12.579 40.422 19.754 -11.639 38.299
15.301 -12.213 41.692 15.073 -13.215 42.77 13.787 -14.005 42.583 16.27 -11.489 45.439
12.762 -13.368 42.039 11.5 -14.035 41.852 11.572 -15.032 40.673 7.98 -14.888 41.83
12.375 -14.702 39.662 12.504 -15.601 38.488 13.571 -16.677 38.628 11.66 -14.134 36.49
14.548 -16.458 39.482 15.697 -17.334 39.459 15.358 -18.675 40.083 16.333 -17.03 40.139
