SAALERKISMRQSREELIKRGVLKEI
CHHHHHHHHHHHHHHHHHHHCCHHCC
14.628 -3.72 -7.046 13.862 -4.928 -6.751 14.571 -6.206 -7.226 12.465 -4.828 -7.368
15.832 -6.361 -6.828 16.635 -7.496 -7.259 16.12 -8.822 -6.72 18.11 -7.29 -6.865
15.753 -8.844 -5.443 15.211 -10.048 -4.839 13.951 -10.491 -5.59 14.911 -9.821 -3.367
13.15 -9.537 -6.053 11.932 -9.891 -6.783 12.241 -10.481 -8.159 9.619 -8.807 -7.348
13.124 -9.832 -8.898 13.487 -10.325 -10.216 14.09 -11.729 -10.147 14.913 -8.772 -12.687
14.903 -11.986 -9.123 15.449 -13.321 -8.891 14.306 -14.323 -8.725 16.656 -15.509 -5.343
13.351 -13.976 -7.873 12.26 -14.893 -7.571 11.422 -15.197 -8.803 11.349 -13.735 -4.017
11.175 -14.176 -9.614 10.339 -14.359 -10.786 11.046 -15.228 -11.81 9.13 -12.378 -11.377
12.302 -14.904 -12.099 13.077 -15.658 -13.08 13.229 -17.134 -12.705 14.874 -15.114 -12.738
13.069 -17.461 -11.429 13.236 -18.827 -10.936 11.927 -19.579 -10.718 15.451 -19.157 -8.788
10.805 -18.987 -11.117 9.508 -19.635 -10.901 9.437 -20.94 -11.706 6.066 -17.365 -12.705
8.819 -21.953 -11.114 8.623 -23.226 -11.793 7.562 -23.042 -12.867 8.723 -25.246 -9.114
7.561 -23.904 -13.878 6.608 -23.754 -14.972 5.211 -24.146 -14.531 6.89 -25.301 -16.017
4.218 -23.601 -15.221 2.829 -23.949 -14.967 2.622 -25.462 -15.066 -0.153 -22.093 -17.544
3.221 -26.069 -16.084 3.095 -27.499 -16.298 3.688 -28.27 -15.131 3.783 -27.914 -17.603
4.833 -27.813 -14.63 5.448 -28.49 -13.499 4.597 -28.365 -12.232 8.547 -28.357 -12.255
4.035 -27.18 -11.992 3.228 -26.971 -10.793 1.891 -27.698 -10.869 4.045 -24.734 -9.776
1.35 -27.837 -12.077 0.101 -28.575 -12.243 0.396 -30.039 -11.979 -1.15 -27.83 -14.148
1.542 -30.484 -12.485 2.011 -31.845 -12.309 2.257 -32.169 -10.839 4.388 -33.822 -14.304
2.621 -31.167 -10.047 2.843 -31.373 -8.615 1.546 -31.267 -7.807 7.05 -30.294 -7.932
0.452 -30.92 -8.477 -0.834 -30.804 -7.813 -1.025 -29.514 -7.033 -1.514 -31.533 -7.885
-0.05 -28.614 -7.121 -0.141 -27.305 -6.483 -1.153 -26.437 -7.234 1.518 -26.359 -6.047
-1.06 -26.475 -8.557 -1.868 -25.633 -9.423 -3.072 -26.389 -9.943 -1.037 -23.78 -11.043
-4.257 -25.971 -9.511 -5.494 -26.584 -9.96 -6.385 -25.5 -10.56 -5.887 -28.416 -6.753
-6.524 -25.543 -11.881 -7.197 -24.498 -12.644 -8.677 -24.795 -12.864 -4.744 -23.913 -14.845
-9.443 -23.753 -13.169 -10.883 -23.879 -13.37 -11.217 -24.198 -14.826 -11.789 -22.565 -11.986
