KDSLAIKLSNRPSKRELEEKNILP
CCCHHHHCCCCCCHHHHHHCCCCC
-23.814 12.458 63.628 -24.631 13.389 64.398 -23.749 14.423 65.087 -25.478 12.643 65.415
-22.886 13.954 65.985 -21.893 14.816 66.624 -20.908 15.316 65.574 -21.972 13.722 68.84
-20.63 14.459 64.598 -19.698 14.766 63.517 -20.188 15.907 62.625 -19.052 13.658 62.102
-21.468 15.866 62.266 -22.054 16.855 61.366 -22.168 18.235 62.013 -24.243 17.109 59.912
-22.528 18.254 63.292 -22.739 19.5 64.024 -21.522 20.423 63.991 -23.138 19.206 65.463
-20.335 19.848 64.159 -19.114 20.647 64.219 -18.842 21.341 62.89 -17.543 19.239 65.294
-18.962 20.597 61.795 -18.722 21.163 60.473 -19.758 22.23 60.148 -17.702 17.84 58.91
-20.972 22.038 60.652 -22.041 23.01 60.469 -21.803 24.261 61.307 -24.085 21.738 59.719
-21.243 24.079 62.498 -20.895 25.21 63.358 -19.768 26.04 62.744 -21.056 24.454 65.1
-18.834 25.363 62.083 -17.699 26.025 61.447 -17.962 26.342 59.978 -16.093 24.832 62.929
-19.237 26.354 59.601 -19.635 26.594 58.22 -19.457 28.065 57.845 -23.569 26.132 55.726
-18.535 28.343 56.91 -18.229 29.712 56.473 -19.417 30.39 55.791 -17.299 28.32 55.599
-19.396 31.719 55.737 -20.537 32.492 55.246 -20.61 32.52 53.724 -19.919 34.272 55.532
-21.738 32.992 53.202 -21.902 33.137 51.761 -20.874 34.11 51.187 -23.324 33.586 51.414
-20.494 35.113 51.974 -19.481 36.071 51.542 -18.083 35.457 51.6 -19.54 37.345 52.393
-17.751 34.861 52.744 -16.43 34.274 52.958 -16.139 33.142 51.972 -16.289 33.775 54.4
-17.186 32.655 51.312 -17.057 31.589 50.321 -16.735 32.14 48.939 -17.976 29.466 50.775
-17.368 33.254 48.599 -17.108 33.929 47.339 -15.663 34.396 47.274 -19.924 35.683 47.256
-15.132 34.768 48.433 -13.757 35.231 48.549 -12.758 34.195 48.04 -13.442 35.596 50.002
-13.026 32.92 48.31 -12.128 31.864 47.862 -12.516 31.344 46.477 -12.091 30.72 48.879
-13.311 32.135 45.753 -13.758 31.807 44.392 -14.652 30.57 44.266 -11.768 32.87 43.348
-14.981 29.944 45.391 -15.759 28.713 45.357 -17.226 29.001 45.072 -15.032 27.318 47.09
-17.778 29.973 45.785 -19.172 30.346 45.608 -19.306 31.577 44.725 -21.078 29.982 47.363
-20.186 31.503 43.718 -20.571 32.682 42.936 -21.21 33.753 43.816 -21.169 31.021 42.292
