KREIKRRLTRKLSQRPTVEELRERKILIRF
CHHHHHHHHHHHHCCCCHHHHHHCCHHHCC
7.426 30.769 13.275 6.938 29.39 13.29 6.844 28.74 11.902 5.577 29.315 13.988
6.689 29.545 10.85 6.539 29.006 9.498 7.714 29.349 8.591 2.256 28.73 9.693
8.737 29.976 9.159 9.955 30.284 8.419 10.554 29.007 7.857 10.135 32.096 10.693
10.462 27.939 8.64 10.979 26.632 8.257 10.387 26.158 6.931 11.574 25.472 9.759
9.088 26.369 6.749 8.43 25.98 5.503 8.936 26.755 4.301 4.974 24.942 6.579
9.141 28.064 4.459 9.734 28.88 3.403 11.136 28.4 3.049 7.653 32.379 4.645
11.945 28.144 4.079 13.314 27.688 3.873 13.367 26.354 3.167 15.17 29.237 7.837
12.549 25.415 3.628 12.534 24.082 3.047 12.077 24.129 1.59 11.788 21.721 3.948
11.056 24.939 1.314 10.541 25.074 -0.045 11.653 25.544 -0.974 8.825 25.939 -0.337
12.372 26.579 -0.546 13.447 27.134 -1.36 14.57 26.125 -1.561 16.306 29.224 0.177
15.025 25.506 -0.474 16.117 24.534 -0.564 15.762 23.344 -1.439 17.542 25.03 2.93
14.546 22.829 -1.294 14.133 21.705 -2.118 14.017 22.096 -3.594 12.856 20.14 -0.514
13.651 23.345 -3.861 13.501 23.799 -5.241 14.855 23.986 -5.921 13.125 25.666 -5.136
15.904 24.149 -5.119 17.236 24.443 -5.644 18.151 23.22 -5.675 17.9 27.37 -4.096
17.643 22.067 -5.246 18.491 20.885 -5.081 19.058 20.418 -6.422 15.913 17.489 -3.829
20.299 19.911 -6.415 20.881 19.307 -7.616 20.204 17.98 -7.935 21.972 19.328 -6.08
20.481 17.449 -9.118 19.922 16.167 -9.513 20.658 15.021 -8.834 20.265 16.321 -11.4
20.01 13.863 -8.796 20.638 12.639 -8.322 21.898 12.339 -9.142 19.51 11.067 -8.001
21.805 12.559 -10.448 22.93 12.364 -11.353 24.137 13.191 -10.919 20.719 11.891 -12.818
23.911 14.46 -10.583 25.002 15.308 -10.112 25.609 14.784 -8.82 25.173 18.558 -9.375
24.754 14.382 -7.885 25.234 13.858 -6.611 26.012 12.556 -6.776 23.532 14.879 -5.004
25.621 11.738 -7.746 26.374 10.518 -8.028 27.729 10.839 -8.656 22.754 7.791 -8.938
27.746 11.784 -9.592 28.988 12.206 -10.226 29.959 12.787 -9.203 28.71 13.231 -11.327
29.424 13.427 -8.165 30.267 14.0 -7.113 30.639 12.986 -6.031 28.482 17.747 -5.79
30.191 11.745 -6.207 30.482 10.651 -5.282 29.91 10.92 -3.896 31.943 8.699 -6.507
28.809 11.656 -3.866 28.081 11.915 -2.633 27.075 10.792 -2.403 27.603 14.221 -2.446
26.229 10.548 -3.397 25.49 9.299 -3.465 26.418 8.285 -4.099 22.926 9.822 -3.803
26.499 7.103 -3.498 27.335 6.029 -4.018 26.526 4.75 -4.018 29.511 6.137 -3.036
26.054 4.359 -5.195 25.168 3.211 -5.295 25.928 1.896 -5.129 21.444 2.115 -6.765
27.168 1.862 -5.607 27.982 0.651 -5.534 29.387 0.945 -5.018 25.862 -0.731 -7.815
