EVGLSYLMKEEIQDEEDDDDYVE
CCCHHHHHHHHHCCCCCCCCCCC
25.525 1.218 -0.903 25.989 0.811 0.423 26.555 2.01 1.189 27.595 -2.062 1.191
26.045 2.25 2.419 26.493 3.369 3.263 26.576 2.832 4.689 25.632 5.11 2.921
27.74 2.974 5.311 27.966 2.486 6.659 27.212 3.265 7.717 28.568 1.708 6.837
26.912 2.619 8.841 26.252 3.298 9.941 27.138 4.439 10.461 24.941 2.5 12.06
28.494 4.264 10.431 29.417 5.311 10.878 29.249 6.633 10.135 31.078 4.735 10.143
28.53 6.629 8.98 28.249 7.861 8.261 27.547 8.869 9.165 27.79 9.622 4.997
26.717 8.368 10.101 25.972 9.144 11.071 26.878 9.821 12.088 23.668 7.907 11.199
28.122 9.378 12.216 28.943 10.056 13.212 29.939 11.041 12.636 27.814 9.232 15.691
29.716 11.453 11.37 30.492 12.541 10.761 30.036 13.799 11.495 31.157 11.674 7.467
30.938 14.75 11.692 30.661 16.02 12.368 29.334 16.635 11.896 32.311 18.731 13.089
29.166 16.811 10.585 27.911 17.331 10.05 27.716 16.792 8.646 26.634 20.429 9.682
26.651 16.031 8.446 26.358 15.483 7.13 25.813 16.596 6.232 25.324 13.302 7.339
26.424 16.758 5.053 25.957 17.672 4.021 25.257 16.756 3.029 26.846 20.317 4.011
23.925 16.917 2.871 23.149 16.061 1.971 23.599 16.224 0.533 20.949 15.711 3.189
23.777 15.085 -0.138 24.204 15.015 -1.526 23.015 15.377 -2.408 26.616 13.587 -1.095
23.25 16.255 -3.39 22.22 16.707 -4.328 21.703 15.553 -5.169 23.412 19.629 -5.499
22.606 14.615 -5.537 22.35 13.431 -6.379 21.926 12.216 -5.646 24.032 14.246 -7.856
21.557 12.398 -4.41 21.057 11.306 -3.605 19.679 10.956 -4.183 20.75 10.674 -1.238
19.648 9.958 -5.063 18.429 9.531 -5.738 17.407 9.004 -4.741 19.673 8.797 -7.818
16.148 8.934 -5.161 15.069 8.416 -4.326 15.133 6.903 -4.269 13.368 10.221 -4.793
14.88 6.323 -3.077 14.763 4.875 -2.995 13.451 4.537 -3.719 13.873 1.635 -1.261
13.479 3.516 -4.553 12.276 3.121 -5.283 11.809 1.747 -4.828 12.434 2.982 -7.277
10.553 1.684 -4.342 9.863 0.49 -3.834 9.878 -0.66 -4.847 6.678 0.143 -2.701
