AHHHHDYDIPTTENLYFQGHM
CCCCCCCCCCCCCCCCCCCCC
83.905 -12.491 -20.866 83.156 -12.002 -22.094 81.909 -11.207 -21.683 82.736 -13.176 -22.982
81.844 -9.934 -22.073 80.697 -9.069 -21.74 80.115 -8.354 -22.946 81.758 -8.792 -18.779
79.355 -9.074 -23.755 78.813 -8.468 -24.985 77.559 -7.62 -24.817 77.907 -8.572 -27.951
77.456 -6.492 -25.532 76.299 -5.57 -25.374 75.623 -5.397 -26.723 77.684 -4.355 -22.861
74.294 -5.48 -26.729 73.464 -5.466 -27.947 72.97 -4.096 -28.147 72.715 -8.436 -27.152
72.357 -3.815 -29.309 71.738 -2.5 -29.58 70.726 -2.037 -28.549 69.856 -3.36 -30.971
70.005 -2.952 -27.9 68.965 -2.596 -26.965 69.441 -2.557 -25.48 68.6 -6.389 -27.055
70.731 -2.737 -25.23 71.201 -2.656 -23.823 71.35 -1.157 -23.447 72.363 -4.866 -23.538
71.329 -0.912 -22.125 71.426 0.431 -21.525 72.891 0.653 -21.172 69.581 0.545 -19.966
73.442 1.836 -21.459 74.851 2.157 -21.022 74.922 2.495 -19.52 74.001 3.445 -22.087
74.611 1.509 -18.687 74.783 1.69 -17.258 76.264 1.861 -16.887 73.978 0.026 -16.606
76.513 2.31 -15.643 77.872 2.439 -15.129 78.648 1.118 -15.286 78.053 3.365 -13.43
78.04 0.023 -14.838 78.683 -1.292 -14.9 78.889 -1.758 -16.335 77.356 -3.005 -12.424
77.881 -1.584 -17.198 78.04 -1.977 -18.608 79.203 -1.236 -19.301 75.696 -2.79 -19.156
79.32 0.051 -19.091 80.445 0.806 -19.61 81.775 0.354 -19.07 79.354 3.169 -20.208
81.832 0.059 -17.772 83.067 -0.52 -17.181 83.494 -1.77 -17.88 85.255 -1.943 -14.559
82.604 -2.715 -17.919 82.855 -4.023 -18.506 83.158 -4.016 -20.016 81.957 -5.768 -15.799
82.469 -3.181 -20.775 82.819 -2.942 -22.203 84.272 -2.564 -22.371 81.945 -2.554 -24.688
84.732 -1.643 -21.523 86.097 -1.122 -21.512 87.111 -1.886 -20.646 86.319 -0.31 -22.052
86.802 -3.125 -20.269 87.75 -3.972 -19.513 87.515 -5.383 -19.871 88.115 -1.824 -17.224
87.538 -5.68 -21.162 87.462 -7.039 -21.652 88.463 -7.177 -22.802 84.787 -7.381 -23.39
