EIFTLQVRGRERYEILKKLNDSLELSDVV
CCEEEEECCHHHHHHHHHHHHHCCCCCCC
-19.665 47.695 130.717 -20.464 48.705 129.954 -21.819 48.089 129.575 -17.891 49.631 128.062
-22.632 47.869 130.604 -23.921 47.231 130.447 -25.001 48.297 130.347 -24.043 45.335 131.878
-25.758 48.18 129.276 -26.949 48.942 129.031 -28.142 48.012 129.208 -25.212 51.178 127.069
-29.282 48.588 129.51 -30.505 47.795 129.561 -31.523 48.379 128.61 -30.944 47.974 131.411
-32.217 47.486 127.937 -33.342 47.848 127.065 -34.588 47.285 127.637 -32.712 47.899 124.518
-35.606 48.117 127.747 -36.924 47.683 128.164 -37.724 47.368 126.911 -36.959 47.999 130.713
-38.105 46.102 126.751 -38.765 45.657 125.547 -40.185 45.216 125.874 -37.737 44.499 124.386
-41.152 45.775 125.149 -42.557 45.477 125.372 -42.999 44.353 124.476 -43.514 49.569 126.53
-43.393 43.248 125.097 -43.959 42.116 124.386 -42.977 40.977 124.196 -44.907 42.12 124.067
-43.461 39.75 124.389 -42.637 38.564 124.282 -41.982 38.429 122.916 -43.772 35.223 123.0
-42.766 38.524 121.855 -42.22 38.268 120.545 -41.115 39.251 120.17 -43.696 37.913 117.6
-41.352 40.511 120.461 -40.363 41.545 120.217 -39.091 41.313 121.013 -41.961 45.531 120.463
-39.263 40.963 122.286 -38.155 40.642 123.165 -37.358 39.461 122.621 -36.974 39.327 126.609
-38.042 38.414 122.18 -37.342 37.256 121.644 -36.525 37.609 120.396 -37.937 34.96 122.925
-37.059 38.47 119.523 -36.289 38.903 118.365 -35.034 39.668 118.819 -37.706 39.705 116.622
-35.216 40.657 119.693 -34.077 41.49 120.083 -33.031 40.68 120.849 -35.122 43.872 120.144
-33.463 39.696 121.641 -32.508 38.82 122.308 -31.686 38.025 121.316 -34.284 36.963 124.838
-32.338 37.5 120.279 -31.592 36.754 119.255 -30.558 37.636 118.577 -34.311 34.365 118.397
-30.94 38.87 118.27 -30.011 39.779 117.642 -28.856 40.136 118.576 -31.598 41.035 116.012
-29.169 40.411 119.841 -28.127 40.694 120.831 -27.142 39.54 120.967 -27.963 41.522 123.189
-27.672 38.341 121.086 -26.824 37.176 121.218 -25.962 36.98 119.978 -28.255 35.964 122.832
-26.547 37.202 118.805 -25.796 37.125 117.554 -24.658 38.131 117.506 -26.405 37.252 115.764
-24.95 39.371 117.881 -23.943 40.426 117.838 -22.823 40.175 118.847 -25.269 42.525 117.005
-23.13 39.56 119.974 -22.083 39.139 120.906 -21.185 38.091 120.241 -23.641 39.012 123.894
-21.785 37.092 119.611 -21.008 36.023 118.985 -20.213 36.485 117.766 -22.328 33.82 119.546
-20.748 37.431 117.0 -20.064 37.909 115.797 -19.129 39.078 116.047 -21.46 38.842 114.916
-18.992 39.48 117.299 -18.065 40.547 117.659 -16.622 40.014 117.623 -17.704 42.257 119.413
-16.028 40.026 116.437 -14.699 39.48 116.195 -13.88 40.565 115.511 -15.205 37.944 115.079
-12.565 40.448 115.581 -11.687 41.434 114.975 -11.887 41.422 113.465 -10.382 41.734 114.9
