EVYKLDANVKRLEKEVGKLEGEVARL
CCCHHHHHHHHHHHHHHHHHHHHHCC
-9.72 7.286 -19.034 -10.349 8.058 -17.974 -11.279 7.171 -17.152 -10.569 10.851 -17.735
-12.207 6.521 -17.843 -13.174 5.661 -17.191 -12.524 4.494 -16.443 -14.764 5.231 -18.211
-11.494 3.899 -17.034 -10.795 2.786 -16.401 -10.254 3.216 -15.034 -8.06 0.081 -16.318
-9.746 4.443 -14.955 -9.2 4.948 -13.706 -10.297 5.315 -12.714 -7.059 7.859 -13.399
-11.373 5.906 -13.218 -12.473 6.295 -12.354 -13.101 5.084 -11.674 -13.417 8.519 -13.242
-13.274 4.002 -12.426 -13.84 2.767 -11.886 -12.976 2.293 -10.721 -14.228 0.388 -12.461
-11.665 2.45 -10.874 -10.709 2.052 -9.851 -10.791 2.998 -8.66 -9.297 2.047 -10.425
-11.007 4.284 -8.923 -11.121 5.255 -7.839 -12.34 4.934 -6.988 -10.075 7.118 -9.055
-13.475 4.721 -7.646 -14.724 4.403 -6.956 -14.628 3.115 -6.141 -16.437 4.533 -7.902
-14.028 2.078 -6.719 -13.885 0.812 -6.008 -13.12 1.011 -4.702 -13.753 -1.588 -8.996
-12.077 1.832 -4.746 -11.26 2.118 -3.571 -12.037 2.96 -2.556 -9.987 2.839 -3.989
-12.778 3.954 -3.041 -13.572 4.794 -2.149 -14.677 3.942 -1.513 -13.46 7.191 -3.266
-15.234 3.012 -2.282 -16.277 2.126 -1.772 -15.772 1.416 -0.521 -18.215 1.852 -3.707
-14.542 0.921 -0.602 -13.894 0.214 0.496 -13.603 1.149 1.66 -11.726 -2.01 0.664
-13.107 2.339 1.343 -12.757 3.318 2.362 -13.952 3.894 3.106 -10.265 4.806 0.746
-15.059 4.11 2.409 -16.247 4.631 3.078 -16.822 3.514 3.936 -17.556 5.631 2.039
-16.697 2.283 3.45 -17.199 1.136 4.185 -16.468 0.972 5.502 -17.933 0.551 3.839
-15.148 1.126 5.468 -14.329 1.002 6.669 -14.74 2.068 7.68 -10.833 0.685 7.598
-14.939 3.291 7.205 -15.346 4.373 8.083 -16.72 4.065 8.679 -14.199 6.562 7.193
-17.662 3.637 7.843 -18.986 3.293 8.348 -18.869 2.155 9.37 -20.854 3.419 5.559
-17.891 1.273 9.18 -17.69 0.177 10.111 -17.163 0.633 11.467 -17.889 -0.768 9.852
-16.208 1.562 11.46 -15.621 2.067 12.697 -16.521 2.963 13.545 -12.425 2.592 11.992
-17.444 3.683 12.919 -18.338 4.555 13.67 -19.639 3.826 13.937 -18.464 5.968 12.364
-19.73 2.612 13.411 -20.919 1.786 13.55 -21.244 1.442 14.992 -20.751 0.505 12.744
-20.215 1.154 15.782 -20.414 0.777 17.174 -20.373 1.942 18.165 -19.381 -0.282 17.57
-20.217 3.163 17.658 -20.145 4.35 18.509 -21.489 5.036 18.732 -17.745 5.068 17.933
