VVLINAVKDVAKALGDLISATK
CCHHHHHHHHHHHHHHHHHHCC
17.497 31.598 -36.077 18.947 31.545 -35.834 19.667 32.045 -37.083 19.535 29.915 -34.873
20.434 33.144 -36.951 21.147 33.805 -38.05 22.174 33.004 -38.8 21.449 35.624 -37.403
22.985 32.195 -38.095 23.98 31.368 -38.777 23.333 30.285 -39.619 26.374 31.213 -37.719
22.289 29.638 -39.08 21.5 28.595 -39.731 20.808 29.182 -40.963 20.512 27.208 -38.041
20.286 30.414 -40.854 19.627 31.105 -41.963 20.605 31.463 -43.082 17.616 32.062 -40.827
21.838 31.857 -42.706 22.894 32.167 -43.661 23.319 30.883 -44.385 24.072 32.803 -42.959
23.29 29.718 -43.693 23.617 28.417 -44.299 22.513 28.074 -45.328 24.261 26.92 -43.176
21.244 28.355 -44.97 20.052 28.119 -45.786 20.136 28.902 -47.079 16.51 28.562 -44.67
20.58 30.188 -47.013 20.735 31.057 -48.176 21.758 30.461 -49.138 20.172 33.302 -47.117
22.871 29.899 -48.594 23.95 29.269 -49.366 23.402 28.044 -50.121 25.775 29.115 -48.58
22.694 27.151 -49.423 22.104 25.936 -49.998 21.072 26.236 -51.096 21.468 25.097 -48.897
20.252 27.279 -50.892 19.2 27.717 -51.813 19.84 28.242 -53.1 15.909 28.09 -51.387
20.921 29.031 -52.959 21.647 29.603 -54.086 22.349 28.517 -54.869 22.642 30.65 -53.618
22.905 27.5 -54.173 23.596 26.371 -54.816 22.612 25.51 -55.628 25.513 24.672 -54.121
21.433 25.281 -55.048 20.333 24.57 -55.682 19.943 25.267 -56.971 19.917 23.745 -55.298
19.84 26.614 -56.937 19.505 27.431 -58.113 20.576 27.309 -59.177 18.152 29.222 -56.997
21.865 27.249 -58.757 22.978 27.115 -59.693 22.923 25.781 -60.437 25.577 27.506 -59.779
22.76 24.672 -59.692 22.7 23.322 -60.254 21.543 23.157 -61.244 23.434 21.786 -58.597
20.353 23.698 -60.912 19.206 23.625 -61.825 19.439 24.475 -63.098 17.935 24.69 -60.918
20.273 25.54 -62.996 20.627 26.409 -64.124 21.583 25.697 -65.101 21.254 27.712 -63.619
22.326 24.664 -64.622 23.286 23.919 -65.453 22.643 23.095 -66.565 24.331 23.029 -64.081
21.486 22.462 -66.291 20.76 21.652 -67.279 19.276 21.997 -67.327 22.683 19.139 -65.99
