GEIAAIKQEIAANKKEIAAIKWEIAAIKQ
CCHHHHHHHHHCCHHHHHHHHHHHHHHCC
24.868 -1.784 25.223 24.49 -3.12 25.772 24.355 -4.203 24.713 24.342 -3.274 26.749
24.388 -5.456 25.161 24.294 -6.628 24.281 23.024 -6.677 23.443 25.961 -8.838 24.455
21.888 -6.465 24.091 20.599 -6.519 23.413 20.526 -5.411 22.362 18.978 -7.315 24.524
20.891 -4.188 22.746 20.927 -3.055 21.811 21.821 -3.309 20.59 21.377 -1.8 22.531
22.997 -3.882 20.826 23.929 -4.238 19.755 23.317 -5.268 18.806 25.233 -4.761 20.346
22.672 -6.284 19.377 21.944 -7.277 18.599 20.875 -6.601 17.742 21.719 -9.151 19.256
20.056 -5.753 18.357 18.983 -5.06 17.628 19.502 -4.22 16.454 16.482 -4.212 20.328
20.65 -3.586 16.648 21.27 -2.772 15.607 21.696 -3.611 14.405 22.384 -0.615 14.812
22.249 -4.794 14.678 22.681 -5.73 13.637 21.498 -6.329 12.868 25.154 -7.99 13.977
20.404 -6.619 13.575 19.177 -7.092 12.936 18.64 -6.015 11.991 17.714 -8.229 14.477
18.639 -4.77 12.465 18.197 -3.628 11.672 19.069 -3.431 10.426 18.208 -2.368 12.534
20.381 -3.598 10.581 21.299 -3.497 9.451 21.012 -4.564 8.393 22.741 -3.587 9.926
20.715 -5.789 8.831 20.33 -6.873 7.916 19.009 -6.6 7.197 21.543 -8.774 9.008
18.049 -6.023 7.918 16.769 -5.604 7.345 16.963 -4.579 6.22 13.684 -4.991 8.862
17.868 -3.627 6.425 18.204 -2.652 5.39 18.815 -3.303 4.151 20.674 -0.472 5.494
19.777 -4.202 4.35 20.426 -4.888 3.227 19.427 -5.727 2.431 22.945 -4.374 3.394
18.529 -6.404 3.141 17.465 -7.182 2.513 16.55 -6.302 1.635 16.629 -8.866 4.008
16.173 -5.125 2.134 15.333 -4.192 1.363 16.064 -3.664 0.127 14.85 -3.047 2.242
17.36 -3.381 0.271 18.221 -2.977 -0.848 18.289 -4.038 -1.945 19.635 -2.666 -0.341
18.501 -5.288 -1.541 18.547 -6.432 -2.457 17.219 -6.597 -3.197 19.659 -8.335 -1.465
16.107 -6.47 -2.481 14.79 -6.61 -3.107 14.54 -5.501 -4.142 12.547 -7.625 -0.39
15.032 -4.294 -3.863 14.986 -3.208 -4.84 15.847 -3.559 -6.065 13.889 0.508 -5.214
17.084 -3.996 -5.819 17.99 -4.492 -6.874 17.364 -5.578 -7.749 20.827 -4.003 -6.96
16.709 -6.554 -7.123 16.044 -7.634 -7.86 14.932 -7.063 -8.746 15.726 -9.596 -6.511
14.19 -6.09 -8.219 13.157 -5.396 -8.991 13.754 -4.652 -10.186 12.389 -4.428 -8.097
14.923 -4.049 -9.985 15.587 -3.255 -11.02 16.168 -4.127 -12.139 16.678 -2.393 -10.395
16.717 -5.282 -11.775 17.219 -6.247 -12.757 16.085 -6.764 -13.657 18.832 -7.733 -11.79
14.929 -7.032 -13.062 13.753 -7.458 -13.817 13.138 -6.307 -14.619 11.895 -9.365 -11.397
13.429 -5.073 -14.197 13.118 -3.816 -14.917 11.808 -3.15 -14.469 14.995 -3.539 -16.915
