EDYAAIEASLSETFNTAADPGRRLGEGSKP
CCHHHHHHHHHHHHCCCCCCCCCCCCCCCC
61.099 -4.867 -7.719 60.393 -3.688 -7.233 60.679 -3.432 -5.756 58.342 -1.929 -7.632
60.525 -4.467 -4.936 60.657 -4.316 -3.491 61.321 -5.521 -2.826 58.31 -5.036 -3.306
62.142 -5.254 -1.814 62.75 -6.323 -1.027 62.771 -6.046 0.48 65.94 -4.514 -2.153
63.514 -5.027 0.908 63.555 -4.669 2.328 64.048 -3.245 2.584 64.393 -5.676 3.117
65.239 -2.932 2.082 65.859 -1.629 2.313 65.364 -0.579 1.325 67.368 -1.747 2.235
64.936 -1.037 0.155 64.526 -0.143 -0.921 63.216 0.593 -0.612 64.606 -0.502 -2.9
62.602 0.279 0.526 61.375 0.959 0.937 61.681 2.287 1.625 60.55 -1.588 0.791
62.776 2.92 1.215 63.093 4.277 1.634 62.439 5.255 0.66 64.597 4.483 1.674
61.687 4.702 -0.291 60.9 5.479 -1.244 59.461 5.51 -0.752 60.552 4.23 -2.625
59.227 4.802 0.342 57.923 4.767 0.967 57.822 5.929 1.943 56.502 2.78 1.882
56.86 6.811 1.711 56.67 7.976 2.56 56.172 7.577 3.942 55.415 9.404 2.383
56.634 8.292 4.961 56.153 8.085 6.319 55.363 9.295 6.793 58.545 6.387 7.896
55.039 10.176 5.854 54.214 11.342 6.132 53.252 11.523 4.965 55.591 12.742 6.098
52.013 11.118 5.157 51.038 11.162 4.081 49.679 11.43 4.677 50.918 7.827 4.789
48.788 12.009 3.88 47.43 12.289 4.328 46.517 11.068 4.302 47.609 14.574 3.393
45.391 11.202 4.985 44.274 10.304 4.851 43.316 10.947 3.852 43.433 9.652 6.464
42.975 10.219 2.795 42.074 10.714 1.765 40.696 11.086 2.315 41.921 9.674 0.656
40.097 12.102 1.703 38.711 12.437 1.96 37.869 11.186 1.693 38.27 13.622 1.059
36.939 10.898 2.595 36.153 9.656 2.551 34.684 9.999 2.337 35.705 7.602 3.889
34.149 9.654 1.162 32.792 10.092 0.822 31.719 9.342 1.608 33.719 9.131 -0.508
32.122 8.271 2.289 31.2 7.446 3.046 30.675 8.195 4.255 30.964 6.512 2.778
31.407 9.216 4.683 31.031 9.983 5.864 30.408 11.324 5.504 31.522 7.725 8.888
30.164 11.533 4.213 29.686 12.819 3.713 28.294 12.734 3.103 33.479 14.686 3.071
27.651 11.573 3.226 26.279 11.399 2.759 25.312 12.239 3.601 26.199 8.942 1.802
24.183 12.624 3.013 23.14 13.322 3.748 23.6 14.558 4.506 22.199 12.985 3.734
23.374 14.553 5.818 23.717 15.694 6.664 25.22 15.769 6.927 21.245 15.294 8.902
25.961 14.801 6.395 27.401 14.759 6.562 28.131 15.644 5.564 27.831 14.197 7.268
27.382 16.186 4.6 27.916 17.075 3.562 28.931 18.083 4.105 26.984 18.196 2.313
30.004 18.315 3.354 31.0 19.319 3.722 31.247 20.266 2.56 32.054 18.169 6.558
31.552 21.527 2.863 31.885 22.42 1.747 33.26 22.07 1.154 32.411 22.771 3.053
