RDDRRERIVAECNAVRQALQDLLSEYMG
CCHHHHHHHHHHHHHHHHHHHHHHHHHC
-3.721 8.372 23.503 -3.413 7.85 24.829 -2.105 7.066 24.804 -6.252 6.885 27.385
-2.129 5.905 24.156 -0.918 5.121 23.947 -0.369 5.453 22.564 -0.033 2.822 24.205
0.368 6.557 22.475 0.857 7.05 21.191 1.899 6.127 20.559 2.626 8.502 22.108
2.671 5.436 21.393 3.674 4.502 20.896 2.993 3.366 20.151 7.075 4.043 23.172
1.87 2.911 20.695 1.079 1.868 20.06 0.45 2.378 18.769 -2.604 -0.408 20.468
-0.095 3.59 18.812 -0.756 4.167 17.646 0.212 4.308 16.475 -2.657 6.541 19.081
1.426 4.761 16.77 2.436 4.974 15.743 2.791 3.661 15.041 6.256 6.531 16.852
2.949 2.594 15.817 3.262 1.279 15.262 2.125 0.716 14.409 4.448 -0.143 16.78
0.902 0.81 14.922 -0.276 0.367 14.183 -0.423 1.126 12.863 -1.96 0.12 15.136
-0.159 2.427 12.903 -0.251 3.264 11.709 0.782 2.865 10.658 -0.099 4.736 12.074
2.0 2.58 11.107 3.075 2.185 10.203 2.807 0.818 9.574 4.941 4.006 10.457
2.238 -0.093 10.359 1.896 -1.424 9.871 0.74 -1.366 8.879 2.239 -2.546 11.585
-0.2 -0.457 9.118 -1.304 -0.249 8.191 -0.808 0.311 6.865 -3.504 -0.007 9.32
0.217 1.156 6.936 0.812 1.738 5.737 1.543 0.665 4.932 1.755 2.876 6.107
2.121 -0.303 5.638 2.754 -1.453 5.0 1.694 -2.338 4.348 4.128 -2.462 5.953
0.6 -2.569 5.07 -0.543 -3.306 4.535 -1.051 -2.665 3.25 -4.03 -2.349 5.094
-1.228 -1.347 3.285 -1.799 -0.617 2.156 -0.933 -0.699 0.899 -3.743 0.991 1.525
0.372 -0.512 1.064 1.302 -0.564 -0.06 1.395 -1.968 -0.657 2.674 -0.072 0.366
1.388 -2.98 0.204 1.455 -4.364 -0.252 0.194 -4.76 -1.012 2.186 -6.665 0.698
-0.968 -4.405 -0.469 -2.233 -4.699 -1.136 -2.304 -4.018 -2.498 -4.635 -4.912 1.141
-1.834 -2.775 -2.564 -1.777 -2.052 -3.832 -0.88 -2.771 -4.828 -2.242 0.206 -2.949
0.278 -3.224 -4.356 1.202 -3.97 -5.197 0.55 -5.234 -5.738 3.596 -5.018 -5.059
-0.062 -6.009 -4.848 -0.668 -7.276 -5.236 -1.876 -7.074 -6.151 -0.032 -8.827 -3.258
-2.614 -5.989 -5.924 -3.77 -5.661 -6.757 -3.359 -5.282 -8.175 -4.946 -4.764 -5.56
-2.27 -4.531 -8.296 -1.746 -4.164 -9.606 -1.338 -5.4 -10.396 -0.092 -1.329 -9.646
-0.793 -6.388 -9.695 -0.336 -7.616 -10.335 -1.496 -8.532 -10.712 1.422 -10.949 -10.465
-2.457 -8.67 -9.805 -3.59 -9.561 -10.027 -4.637 -8.951 -10.952 -3.866 -10.745 -7.138
-4.628 -7.626 -11.063 -5.582 -6.927 -11.905 -6.947 -6.809 -11.258 -5.333 -6.575 -12.807
