KPKIIITGCEDNVYEKLPEQNSNFLCVKKL
CCEEEEECCCCCHHHHCCCCCCCEEEEEEC
50.973 16.511 36.516 51.401 16.537 37.912 51.733 17.964 38.35 54.143 14.566 39.291
51.008 18.478 39.351 51.188 19.882 39.724 52.55 20.16 40.338 49.742 18.976 40.532
53.019 21.388 40.163 54.235 21.859 40.797 53.871 22.402 42.172 56.864 24.173 40.016
54.66 22.05 43.181 54.434 22.531 44.545 55.304 23.749 44.842 54.423 20.648 45.964
54.676 24.804 45.35 55.39 26.019 45.731 54.887 26.525 47.073 55.57 27.485 43.837
55.799 26.763 48.014 55.417 27.275 49.33 55.654 28.778 49.344 55.796 25.844 50.776
54.673 29.529 49.827 54.837 30.959 50.072 54.795 31.203 51.575 53.819 32.22 49.0
55.859 31.805 52.097 56.025 31.978 53.527 55.346 33.21 54.097 56.552 31.318 54.063
55.528 33.418 55.396 54.972 34.572 56.094 55.83 34.864 57.316 53.402 33.685 57.146
55.535 35.966 57.987 56.246 36.341 59.201 55.728 35.554 60.396 57.698 38.421 58.531
56.46 35.629 61.497 56.034 34.99 62.729 54.781 35.655 63.295 58.26 34.177 63.434
54.004 34.863 64.021 52.929 35.382 64.854 53.396 36.428 65.842 51.668 33.247 64.845
52.551 37.433 66.047 52.72 38.381 67.129 51.412 38.385 67.91 53.485 40.116 66.699
51.474 38.077 69.201 50.257 38.059 70.007 50.472 38.308 71.495 51.076 34.378 70.505
49.401 38.741 72.155 49.387 38.943 73.597 49.147 37.626 74.319 47.573 41.738 73.994
49.89 37.393 75.395 49.652 36.231 76.242 48.927 36.662 77.511 52.659 34.286 76.29
48.002 35.83 77.983 47.276 36.116 79.218 48.283 36.269 80.348 45.137 35.068 80.399
48.083 37.258 81.23 49.015 37.379 82.352 48.993 36.14 83.243 47.761 38.772 82.147
50.068 35.901 83.984 50.054 34.85 84.991 48.975 35.21 86.003 53.336 34.302 85.414
48.267 34.209 86.516 47.138 34.466 87.408 47.555 34.359 88.866 45.114 34.673 85.78
47.53 35.494 89.552 47.86 35.561 90.967 46.639 35.169 91.79 48.735 37.164 92.678
46.771 34.106 92.582 45.635 33.528 93.303 45.129 34.389 94.461 46.522 32.2 94.323
45.844 35.46 94.783 45.367 36.403 95.784 44.317 37.353 95.208 47.494 36.366 97.049
44.193 37.366 93.885 43.229 38.229 93.22 42.219 37.384 92.444 45.384 40.863 93.446
41.204 38.039 91.906 40.248 37.363 91.055 40.967 36.833 89.803 37.907 37.892 89.998
40.851 35.53 89.564 41.583 34.869 88.479 40.67 34.418 87.357 42.992 33.782 89.555
41.213 34.408 86.149 40.572 33.733 85.042 40.869 32.242 85.177 40.803 34.499 83.278
39.824 31.425 85.146 40.006 29.986 85.223 40.8 29.528 84.012 38.132 26.926 85.375
41.657 28.535 84.207 42.437 27.994 83.103 41.505 27.198 82.197 45.324 25.91 82.515
41.685 27.347 80.889 40.837 26.667 79.916 41.118 25.168 79.891 40.39 28.474 78.056
