ESPLYVNAKQFHRILKRRVARQKLEEQL
CCCCCCCHHHHHHHHHHHHHHHHHHHHC
15.69 -13.348 20.058 14.22 -13.597 20.145 13.496 -12.414 20.796 12.597 -16.121 21.668
13.877 -12.093 22.033 13.417 -10.886 22.72 14.616 -10.212 23.393 11.698 -11.052 23.542
15.318 -9.317 22.668 16.518 -8.672 23.22 16.209 -7.67 24.332 16.06 -8.211 21.448
17.13 -7.537 25.284 16.988 -6.533 26.336 17.32 -5.151 25.781 17.64 -6.254 28.868
18.429 -5.074 25.046 18.85 -3.838 24.388 18.623 -3.886 22.884 20.765 -3.304 27.551
17.94 -2.868 22.378 17.707 -2.709 20.95 18.314 -1.372 20.529 15.743 -2.827 20.946
18.218 -1.055 19.24 18.733 0.199 18.688 18.561 1.359 19.673 18.559 1.604 16.62
19.678 1.915 20.146 19.65 2.955 21.186 18.837 4.18 20.775 21.063 3.358 21.584
18.829 4.483 19.478 18.094 5.63 18.946 16.581 5.386 18.868 20.821 6.656 16.472
16.178 4.118 18.952 14.775 3.72 18.764 14.053 3.269 20.034 14.896 2.233 15.741
14.817 2.885 21.055 14.268 2.194 22.223 13.106 2.921 22.891 14.546 0.63 25.242
13.319 4.187 23.239 12.296 4.969 23.928 11.063 5.217 23.107 14.43 5.884 26.032
11.234 5.418 21.803 10.079 5.589 20.918 9.307 4.271 20.751 8.84 8.33 20.066
10.028 3.146 20.784 9.396 1.821 20.772 8.486 1.647 21.992 10.9 0.098 20.056
8.994 2.001 23.174 8.206 1.926 24.412 6.978 2.83 24.336 10.024 1.405 26.289
7.172 4.052 23.835 6.073 5.006 23.689 5.023 4.519 22.687 8.048 8.123 24.51
5.471 3.901 21.597 4.543 3.299 20.633 3.766 2.111 21.215 3.348 3.685 17.442
4.401 1.336 22.092 3.708 0.229 22.764 2.545 0.722 23.616 7.303 -2.668 23.254
2.786 1.808 24.354 1.751 2.459 25.171 0.625 2.995 24.289 2.296 3.689 26.599
0.994 3.67 23.203 0.01 4.228 22.283 -0.836 3.125 21.638 0.701 5.081 21.224
-0.197 2.006 21.293 -0.888 0.882 20.654 -1.862 0.208 21.626 1.838 -1.215 18.793
-1.448 0.063 22.884 -2.32 -0.476 23.933 -3.595 0.364 24.093 -1.594 -1.523 27.054
-3.446 1.688 24.073 -4.593 2.597 24.15 -5.541 2.433 22.958 -2.906 5.519 25.934
-4.974 2.3 21.761 -5.756 2.071 20.548 -6.504 0.739 20.587 -4.454 3.357 18.612
-5.859 -0.282 21.146 -6.457 -1.611 21.242 -7.586 -1.682 22.269 -3.82 -3.604 20.763
-7.488 -0.876 23.326 -8.586 -0.719 24.287 -9.823 -0.142 23.595 -6.949 0.411 26.995
-9.609 0.879 22.763 -10.669 1.484 21.947 -11.285 0.485 20.962 -10.599 4.043 22.602
-10.454 -0.448 20.486 -10.853 -1.585 19.632 -10.741 -1.276 18.139 -12.601 -3.064 21.041
