RDKIRLNNAIWRAWYIQYVQR
CCCHHHHHHHHHHHHHHHHCC
-4.247 45.411 -1.146 -4.065 44.329 -0.185 -3.641 44.876 1.174 -2.297 40.259 0.107
-2.738 45.851 1.159 -2.304 46.506 2.386 -3.332 47.547 2.814 0.085 46.206 1.851
-4.147 47.982 1.858 -5.228 48.921 2.13 -6.356 48.225 2.885 -5.58 49.4 -1.293
-6.588 46.958 2.554 -7.542 46.131 3.284 -7.095 45.987 4.735 -8.536 44.604 2.177
-5.795 45.783 4.919 -5.224 45.592 6.245 -5.298 46.864 7.077 -1.55 43.657 6.611
-5.128 48.008 6.42 -5.161 49.287 7.115 -6.587 49.634 7.53 -4.455 51.817 6.574
-7.541 49.414 6.632 -8.944 49.623 6.965 -9.362 48.755 8.148 -9.705 50.324 4.696
-9.03 47.467 8.079 -9.322 46.536 9.165 -8.758 47.033 10.489 -8.981 44.198 9.906
-7.489 47.421 10.451 -6.791 47.902 11.631 -7.512 49.084 12.262 -5.362 48.276 11.278
-7.9 50.052 11.437 -8.578 51.256 11.91 -9.922 50.922 12.546 -8.124 52.964 10.84
-10.647 50.005 11.917 -11.991 49.638 12.347 -11.991 48.896 13.693 -15.5 49.777 10.981
-10.945 48.114 13.952 -10.814 47.418 15.236 -10.304 48.362 16.332 -12.393 44.997 14.117
-9.288 49.137 15.973 -8.697 50.122 16.863 -9.757 51.076 17.387 -7.604 50.896 16.14
-10.723 51.416 16.539 -11.778 52.33 16.948 -12.528 51.791 18.156 -15.326 53.619 17.019
-12.919 50.523 18.095 -13.595 49.909 19.225 -12.687 49.92 20.447 -14.951 47.103 21.29
-11.412 49.606 20.239 -10.467 49.586 21.353 -10.405 50.921 22.104 -8.446 48.406 20.848
-10.465 52.022 21.364 -10.292 53.351 21.943 -11.576 53.924 22.539 -8.261 54.704 19.614
-12.684 53.778 21.821 -13.92 54.461 22.189 -14.892 53.635 23.029 -13.308 57.354 19.856
-14.769 52.313 22.977 -15.68 51.453 23.727 -15.016 50.837 24.959 -16.842 50.285 22.687
-13.696 50.692 24.919 -12.973 50.176 26.075 -12.688 51.277 27.094 -11.023 47.675 25.113
-12.227 52.429 26.616 -12.047 53.584 27.488 -13.394 54.21 27.835 -10.204 57.877 27.152
