QHIRCNIPKRIGPSKVATLVPR
CCCCCCCCCCCCCCCCEEECCC
34.275 82.42 -41.769 35.023 83.027 -40.636 35.163 84.531 -40.839 36.647 80.785 -41.684
34.719 85.013 -41.996 34.813 86.438 -42.313 33.446 87.136 -42.327 37.426 85.464 -43.743
33.269 88.113 -41.442 32.021 88.874 -41.365 32.026 89.909 -42.489 31.548 89.507 -39.122
30.954 89.952 -43.274 30.864 90.9 -44.376 30.057 92.127 -43.961 30.475 87.611 -47.722
30.348 93.281 -44.558 29.584 94.473 -44.219 28.679 94.817 -45.389 31.074 95.946 -44.51
27.567 95.477 -45.107 26.653 95.882 -46.164 27.097 97.309 -46.495 24.245 96.405 -46.553
27.126 97.639 -47.78 27.568 98.958 -48.217 26.406 99.871 -48.591 29.415 98.602 -49.686
26.297 101.029 -47.922 25.228 102.001 -48.19 25.418 102.688 -49.545 26.453 102.487 -46.881
24.337 103.254 -50.067 24.367 103.942 -51.353 24.425 105.466 -51.151 23.668 104.081 -54.564
25.207 106.145 -51.982 25.318 107.598 -51.929 24.019 108.186 -52.477 29.036 109.542 -52.499
23.457 109.164 -51.782 22.221 109.788 -52.223 22.484 110.681 -53.426 20.942 110.537 -50.361
23.7 111.2 -53.518 24.029 112.076 -54.625 25.493 112.068 -54.994 23.327 112.623 -55.081
25.861 112.739 -56.087 27.264 112.765 -56.502 28.103 113.869 -55.846 26.05 113.392 -57.755
27.436 114.819 -55.193 28.108 115.937 -54.528 29.204 115.511 -53.554 27.396 117.346 -53.464
30.402 116.051 -53.751 31.533 115.755 -52.879 31.901 117.012 -52.089 33.517 113.424 -55.191
30.904 117.849 -51.811 31.122 119.093 -51.075 30.795 118.976 -49.587 30.454 120.746 -51.891
31.663 119.52 -48.742 31.411 119.501 -47.307 31.235 120.952 -46.861 32.573 118.844 -46.565
30.103 121.249 -46.233 29.827 122.604 -45.783 29.69 122.679 -44.269 28.482 123.609 -46.754
30.18 123.778 -43.702 30.108 123.999 -42.264 28.648 124.185 -41.857 31.236 125.64 -40.532
28.137 123.265 -41.044 26.749 123.321 -40.593 26.412 124.646 -39.904 26.783 121.718 -39.474
25.165 125.123 -40.065 24.676 126.376 -39.478 24.94 126.531 -37.981 23.481 125.489 -40.59
25.215 127.764 -37.568 25.483 128.078 -36.169 24.188 128.265 -35.377 26.554 129.669 -38.285
