RKFSEKIALQKQRQAEETAAFEEVMMDI
CCHHHHHHHHHHHHHHHHHHHHHHHHCC
1.169 77.884 8.531 0.264 77.068 7.665 1.046 76.099 6.777 -2.299 80.584 7.407
2.146 76.585 6.202 2.983 75.805 5.284 3.69 74.656 6.006 2.929 78.548 3.232
4.272 74.966 7.164 4.954 73.984 8.005 3.997 72.875 8.437 6.538 73.115 10.91
2.789 73.277 8.823 1.783 72.36 9.341 1.239 71.432 8.257 0.447 72.829 10.592
1.089 71.96 7.043 0.672 71.166 5.888 1.752 70.147 5.516 -0.236 72.141 2.804
3.013 70.569 5.608 4.164 69.715 5.323 4.268 68.527 6.287 7.155 69.12 4.121
4.225 68.809 7.588 4.333 67.769 8.614 3.109 66.838 8.626 4.76 68.158 10.944
1.961 67.355 8.194 0.745 66.554 8.065 0.858 65.544 6.924 -0.468 67.449 7.864
1.393 65.99 5.789 1.549 65.137 4.61 2.601 64.049 4.822 0.923 66.682 2.512
3.659 64.384 5.556 4.721 63.428 5.867 4.233 62.314 6.795 7.55 65.201 6.133
3.382 62.673 7.755 2.782 61.706 8.676 1.796 60.767 7.985 4.185 62.957 11.213
1.104 61.274 6.966 0.216 60.454 6.139 1.025 59.491 5.27 -2.132 60.0 4.809
2.126 59.99 4.711 3.028 59.19 3.882 3.694 58.073 4.69 5.398 58.346 0.801
4.048 58.371 5.939 4.635 57.379 6.843 3.607 56.35 7.313 7.197 58.048 7.448
2.338 56.753 7.364 1.249 55.851 7.743 0.912 54.877 6.616 0.016 56.643 8.152
1.038 55.35 5.377 0.831 54.523 4.189 1.974 53.532 4.012 -0.203 56.965 2.169
3.187 53.971 4.349 4.376 53.121 4.311 4.285 52.009 5.349 6.972 55.201 3.783
3.745 52.341 6.521 3.546 51.375 7.6 2.442 50.387 7.23 3.541 52.066 9.415
1.398 50.881 6.568 0.314 50.029 6.084 0.822 49.029 5.046 -0.817 50.871 5.513
1.706 49.494 4.164 2.298 48.655 3.122 3.27 47.626 3.697 2.99 49.515 2.075
4.063 48.05 4.679 5.026 47.177 5.352 4.342 46.048 6.123 7.119 46.651 8.005
3.275 46.39 6.843 2.506 45.412 7.61 1.877 44.372 6.692 1.105 47.335 9.975
1.398 44.826 5.535 0.861 43.948 4.496 1.895 42.911 4.049 -0.889 43.478 2.479
3.123 43.37 3.801 4.226 42.508 3.359 4.592 41.468 4.423 5.768 43.323 2.446
4.648 41.898 5.684 4.981 41.01 6.803 3.919 39.936 7.019 6.9 41.85 8.494
2.66 40.297 6.78 1.542 39.353 6.849 1.571 38.35 5.69 -1.0 40.974 7.956
2.29 38.693 4.62 2.509 37.781 3.491 3.7 36.845 3.711 1.466 39.122 1.692
4.475 37.123 4.761 5.633 36.313 5.167 6.701 36.236 4.076 4.842 34.718 6.367
