GSLELIKLRIMEIEARIAKIEKDRAIL
CCHHHHHHHHHHHHHHHHHHHHHHHCC
53.349 163.074 254.581 53.282 163.914 255.77 54.043 165.238 255.732 52.75 163.603 256.558
54.527 165.678 256.893 55.203 166.962 256.981 56.456 167.08 256.082 55.646 166.758 258.828
57.309 166.045 256.031 58.501 166.08 255.141 58.103 166.229 253.673 60.778 164.834 255.263
57.076 165.5 253.262 56.659 165.573 251.876 56.058 166.93 251.568 56.504 163.016 252.756
55.355 167.525 252.531 54.844 168.883 252.264 55.932 169.97 252.185 52.954 170.399 253.14
56.936 169.882 253.065 58.091 170.763 252.993 58.73 170.662 251.623 59.382 170.679 254.974
58.87 169.435 251.11 59.503 169.26 249.8 58.654 169.919 248.708 61.088 165.881 250.334
57.336 169.798 248.818 56.477 170.399 247.8 56.602 171.912 247.861 53.988 170.279 246.954
56.621 172.485 249.07 56.702 173.942 249.206 58.027 174.405 248.63 54.055 174.676 252.558
59.096 173.633 248.885 60.39 173.958 248.324 60.331 173.942 246.806 62.19 173.068 249.602
59.71 172.91 246.233 59.632 172.8 244.792 58.911 174.053 244.236 58.691 170.35 243.28
57.819 174.461 244.876 56.995 175.591 244.417 57.776 176.88 244.474 54.003 174.865 245.798
58.571 177.03 245.478 59.427 178.226 245.64 60.549 178.246 244.585 59.77 178.614 247.951
61.121 177.078 244.393 62.159 177.003 243.377 61.617 177.435 242.029 63.763 174.249 244.376
60.415 176.973 241.676 59.807 177.393 240.402 59.504 178.866 240.373 58.534 176.61 240.12
59.064 179.399 241.5 58.728 180.81 241.615 59.953 181.677 241.342 56.055 181.074 244.468
61.066 181.294 241.94 62.296 182.033 241.796 62.847 181.898 240.387 63.648 181.706 243.728
62.789 180.694 239.842 63.307 180.462 238.511 62.583 181.334 237.489 63.191 178.993 238.144
61.301 181.567 237.715 60.512 182.36 236.797 60.921 183.823 236.858 57.995 183.115 234.975
61.151 184.325 238.061 61.569 185.703 238.222 62.937 185.906 237.59 61.035 186.462 240.408
63.84 184.971 237.849 65.196 185.03 237.261 65.113 185.104 235.731 66.791 182.831 239.225
64.319 184.227 235.142 64.211 184.199 233.706 63.599 185.496 233.212 63.72 180.697 233.293
62.623 185.982 233.951 61.938 187.196 233.562 62.769 188.482 233.686 59.648 186.368 234.068
63.769 188.462 234.569 64.609 189.655 234.739 65.903 189.622 233.923 64.544 191.639 238.09
66.014 188.632 233.046 67.238 188.45 232.262 67.598 189.668 231.416 67.137 187.158 231.352
68.895 189.817 231.181 69.372 190.858 230.272 69.023 190.423 228.852 71.518 191.593 230.939
68.452 191.359 228.077 67.92 190.958 226.793 69.046 190.713 225.826 66.367 191.772 226.257
