FTNVSCTTSKECWSVCQRLHNTSRGKCMNKKCRCYS
CCCCCCCCCHHHHHHHHHHHHCCCCCHHCCCCCCCC
6.56 71.837 338.995 5.856 70.575 339.199 5.383 70.438 340.645 5.617 67.216 338.631
4.072 70.538 340.846 3.483 70.436 342.177 3.087 69.001 342.519 2.029 71.684 341.897
2.005 68.858 343.28 1.508 67.545 343.682 0.0 67.588 343.921 1.955 67.898 346.107
-0.741 68.042 342.915 -2.194 68.139 343.011 -2.863 67.728 341.702 -2.914 69.757 343.825
-4.012 67.069 341.812 -4.76 66.624 340.64 -5.656 67.751 340.133 -6.046 65.548 341.54
-5.862 67.812 338.819 -6.699 68.858 338.237 -7.881 68.323 337.436 -5.611 69.395 336.538
-8.842 69.207 337.192 -10.036 68.888 336.421 -10.172 69.981 335.364 -11.303 68.886 337.886
-10.902 71.042 335.696 -11.077 72.161 334.778 -9.9 73.111 334.983 -12.788 72.782 335.44
-9.131 73.336 333.922 -7.961 74.208 333.976 -8.121 75.429 334.877 -7.37 74.113 332.174
-9.339 75.956 334.966 -9.592 77.123 335.803 -9.355 76.785 337.272 -13.38 77.045 336.369
-8.859 75.578 337.522 -8.593 75.12 338.879 -7.174 75.457 339.33 -9.038 72.054 340.156
-6.247 75.529 338.379 -4.861 75.851 338.702 -4.647 77.365 338.652 -3.99 74.285 337.572
-5.74 78.123 338.669 -5.668 79.583 338.619 -5.274 80.22 339.949 -6.505 79.769 335.203
-6.23 80.303 340.871 -5.986 80.895 342.183 -4.826 80.209 342.897 -7.788 81.146 342.745
-4.387 79.08 342.353 -3.285 78.325 342.933 -1.948 79.022 342.685 -3.289 76.403 342.624
-1.636 79.265 341.415 -0.385 79.917 341.038 -0.188 81.238 341.779 -0.496 79.442 339.001
-1.255 82.024 341.885 -1.183 83.312 342.564 -0.919 83.145 344.056 -3.603 83.749 343.93
-1.244 81.97 344.587 -1.044 81.696 346.004 0.364 81.184 346.292 -3.303 79.189 349.273
0.628 79.936 345.916 1.936 79.326 346.14 3.028 79.966 345.288 0.935 76.895 346.452
2.643 80.925 344.452 3.591 81.619 343.587 3.142 83.06 343.358 4.368 78.791 342.452
3.788 83.734 342.413 3.456 85.117 342.089 3.101 85.241 340.609 4.412 87.418 342.072
2.214 84.365 340.147 1.781 84.365 338.753 0.324 83.924 338.643 3.095 83.113 338.073
-0.074 83.496 337.448 -1.441 83.043 337.205 -1.517 82.165 335.957 -2.406 84.634 337.634
-0.509 82.278 335.098 -0.454 81.504 333.864 -0.002 80.07 334.122 2.071 84.556 332.17
-0.784 79.11 333.638 -0.436 77.714 333.829 -1.576 76.756 333.545 0.481 77.444 334.122
-1.35 75.883 332.58 -2.367 74.904 332.211 -2.153 73.631 333.022 -0.956 73.032 329.217
-2.825 72.522 332.651 -2.672 71.253 333.348 -2.955 70.047 332.462 -3.506 70.424 335.053
-2.455 68.898 332.9 -2.626 67.64 332.188 -3.328 66.656 333.117 0.51 67.028 332.351
-3.552 65.436 332.64 -4.201 64.419 333.459 -3.208 63.918 334.503 -5.79 63.599 331.73
-2.288 64.797 334.889 -1.266 64.474 335.874 -1.392 65.407 337.076 2.521 63.893 335.596
-0.851 66.618 336.951 -0.905 67.611 338.025 -0.761 69.035 337.482 0.841 65.631 340.822
-1.219 70.019 338.254 -1.133 71.421 337.843 0.299 71.834 337.513 -2.556 72.43 339.048
0.432 72.92 336.756 1.739 73.449 336.379 1.644 74.865 335.822 5.395 72.259 333.718
2.186 75.824 336.566 2.176 77.222 336.15 3.445 77.486 335.343 1.584 77.859 338.043
3.481 78.605 334.628 4.652 78.949 333.829 5.215 80.311 334.223 3.384 76.433 331.248
6.224 80.762 333.485 6.851 82.05 333.749 6.363 83.09 332.746 7.457 82.079 333.658
