EPAAAPAPTKEEVLLTEIRDLLKEQNNRS
CCCCCCCCCHHHHHHHHHHHHHHHHHCCC
36.579 31.391 21.121 37.131 32.745 21.137 36.151 33.854 20.71 40.073 33.869 20.011
35.303 33.604 19.691 34.236 34.594 19.496 33.123 34.373 20.514 34.329 33.228 18.222
32.021 35.103 20.39 30.906 34.93 21.317 30.278 33.544 21.173 29.859 36.011 21.108
29.931 32.936 22.306 29.301 31.619 22.305 27.812 31.718 22.003 29.519 30.917 23.635
27.2 32.827 22.41 25.774 33.041 22.202 25.518 34.381 21.514 25.026 32.976 23.543
26.03 34.543 20.284 25.803 35.801 19.576 24.344 35.945 19.171 26.727 34.476 18.62
23.977 37.153 18.766 22.612 37.441 18.358 22.203 36.546 17.202 22.478 38.907 17.97
20.92 36.172 17.142 20.516 35.344 16.004 20.585 36.139 14.71 19.167 35.779 17.249
20.558 35.436 13.59 20.578 36.093 12.295 19.295 36.874 12.074 20.777 34.517 11.212
19.371 37.859 11.193 18.194 38.623 10.827 17.191 37.69 10.172 20.012 41.889 10.194
17.69 36.695 9.441 16.818 35.667 8.871 16.0 34.996 9.972 17.572 32.814 7.263
16.67 34.621 11.053 16.029 33.929 12.169 14.955 34.795 12.822 16.165 33.086 14.886
15.259 36.07 13.033 14.292 36.969 13.648 13.04 37.125 12.777 14.96 38.611 14.446
13.236 37.299 11.477 12.102 37.403 10.553 11.31 36.103 10.435 12.804 39.278 8.87
12.0 34.969 10.391 11.298 33.685 10.338 10.483 33.471 11.606 12.772 32.102 8.854
11.013 33.929 12.736 10.27 33.894 14.001 8.955 34.691 13.884 11.241 34.191 15.657
9.032 35.893 13.319 7.857 36.749 13.158 6.852 36.1 12.212 9.35 39.748 13.139
7.355 35.527 11.127 6.518 34.829 10.168 5.828 33.629 10.83 7.625 34.745 8.075
6.603 32.86 11.591 6.074 31.717 12.334 4.953 32.188 13.26 7.37 30.457 15.596
5.206 33.269 13.989 4.25 33.789 14.964 2.952 34.221 14.298 5.831 34.584 16.685
3.066 34.845 13.132 1.888 35.324 12.405 1.046 34.163 11.892 2.541 37.662 11.374
1.698 33.127 11.377 0.959 31.981 10.873 0.296 31.248 12.036 2.234 31.245 8.669
1.012 31.111 13.148 0.482 30.404 14.305 -0.683 31.17 14.918 2.45 28.968 16.952
-0.563 32.493 15.0 -1.66 33.283 15.554 -2.88 33.189 14.651 -1.683 36.367 16.842
-2.66 33.236 13.339 -3.749 33.079 12.379 -4.485 31.767 12.628 -3.636 32.745 9.016
-3.729 30.68 12.769 -4.31 29.371 13.055 -5.068 29.365 14.375 -2.685 27.993 11.769
-4.514 30.052 15.376 -5.102 30.086 16.714 -6.426 30.836 16.772 -3.018 29.872 18.064
-6.752 31.554 15.705 -8.008 32.292 15.654 -9.186 31.381 15.366 -7.764 36.193 13.672
-8.909 30.214 14.791 -9.971 29.367 14.274 -9.992 27.982 14.906 -10.221 29.045 13.303
