GAMGRKRKTVTWPEEGKLREYFYFELDETERVNVN
CCCCCCCCEEECCCCCCEEEEEEEECCCCCCCCCC
47.357 40.954 59.56 46.105 40.197 59.515 46.265 38.938 58.673 45.273 40.493 59.985
45.147 38.332 58.236 45.216 37.053 57.481 46.031 37.172 56.189 43.817 36.499 57.187
46.939 36.216 55.978 47.889 36.269 54.867 47.171 36.135 53.528 50.729 34.609 54.177
47.694 36.777 52.486 47.127 36.615 51.153 47.585 35.337 50.458 46.504 37.294 50.765
46.694 34.74 49.666 46.962 33.537 48.869 48.164 33.767 47.923 44.985 32.185 47.707
48.917 32.716 47.603 49.936 32.809 46.553 49.233 33.165 45.217 50.67 31.466 46.432
49.764 34.109 44.435 49.208 34.375 43.1 50.297 34.268 42.059 46.702 37.553 42.654
50.008 33.635 40.93 50.984 33.663 39.842 50.654 34.822 38.892 51.423 29.863 39.393
51.665 35.31 38.182 51.471 36.337 37.162 52.122 35.915 35.842 51.794 38.212 37.643
51.395 36.12 34.746 51.947 35.923 33.405 53.093 36.903 33.143 50.797 35.768 31.833
54.243 36.357 32.781 55.356 37.181 32.338 55.938 36.615 31.039 56.457 37.021 33.916
56.813 37.4 30.421 57.546 37.011 29.226 59.034 37.155 29.505 54.314 37.233 27.409
59.851 36.26 28.934 61.304 36.301 29.13 61.916 37.536 28.455 60.641 34.964 27.971
63.206 37.8 28.676 63.914 38.886 27.985 63.897 38.642 26.468 65.348 39.033 28.511
63.947 39.714 25.681 63.556 39.626 24.265 64.274 38.609 23.36 61.533 40.944 23.362
65.431 38.106 23.782 66.137 37.102 23.001 65.744 35.662 23.31 66.82 37.373 22.323
65.014 35.453 24.405 64.56 34.117 24.779 63.032 33.919 24.619 65.013 33.782 26.206
62.352 34.893 24.019 60.917 34.782 23.778 60.584 33.662 22.776 58.916 36.358 23.164
61.398 33.544 21.73 61.144 32.601 20.642 62.291 31.611 20.529 60.721 35.954 18.545
61.976 30.331 20.364 63.003 29.378 19.953 62.534 28.628 18.708 62.954 26.991 22.342
63.436 28.436 17.755 63.031 27.9 16.455 63.449 26.456 16.263 62.537 31.423 15.284
62.616 25.69 15.565 63.033 24.376 15.093 62.591 24.206 13.637 60.144 23.115 16.47
63.339 23.422 12.877 63.244 23.474 11.419 62.707 22.185 10.833 65.417 26.42 11.874
62.054 22.272 9.675 61.644 21.064 8.965 61.981 21.17 7.474 58.613 22.433 8.171
62.09 20.03 6.791 62.331 20.036 5.351 61.004 20.265 4.664 64.857 19.093 4.785
60.879 21.369 3.934 59.615 21.662 3.269 59.432 20.796 2.029 58.228 23.79 2.581
58.439 19.914 2.071 57.982 19.2 0.887 56.652 19.822 0.47 57.13 17.004 0.131
56.584 20.362 -0.747 55.408 21.13 -1.162 54.158 20.271 -1.42 55.735 22.041 -2.352
54.338 18.955 -1.535 53.203 18.037 -1.682 52.655 17.466 -0.359 54.062 16.715 -2.805
53.331 17.748 0.757 52.928 17.207 2.06 51.583 17.78 2.519 54.594 17.173 5.009
51.418 19.091 2.362 50.2 19.778 2.8 49.365 20.25 1.604 53.182 21.037 5.47
48.089 19.865 1.578 47.161 20.275 0.519 45.825 20.685 1.138 47.054 18.574 -0.454
44.967 21.34 0.354 43.583 21.588 0.776 42.607 20.664 0.025 41.978 23.449 1.289
42.147 19.618 0.708 41.302 18.589 0.098 40.017 19.114 -0.562 41.157 17.402 1.649
39.603 20.328 -0.205 38.42 20.937 -0.814 38.683 21.537 -2.198 37.589 21.476 1.456
