LTEEQRKKIEENRQKALARRAEKLLA
CCHHHHHHHHHHHHHHHHHHHHHHHC
-46.722 -58.966 -6.222 -46.781 -59.436 -7.635 -46.484 -60.916 -7.653 -45.947 -57.259 -8.872
-47.051 -61.621 -8.628 -46.853 -63.046 -8.757 -45.466 -63.281 -9.387 -48.292 -63.402 -9.953
-44.946 -64.497 -9.21 -43.748 -64.932 -9.917 -43.824 -64.607 -11.413 -42.787 -67.849 -8.595
-44.917 -65.0 -12.048 -45.083 -64.818 -13.486 -45.053 -63.324 -13.842 -46.359 -65.488 -14.049
-45.716 -62.489 -13.042 -45.692 -61.031 -13.286 -44.269 -60.463 -13.146 -48.471 -59.961 -11.802
-43.547 -60.883 -12.109 -42.159 -60.405 -11.959 -41.284 -60.846 -13.142 -41.813 -61.549 -8.052
-41.533 -62.038 -13.653 -40.728 -62.546 -14.785 -41.003 -61.666 -15.999 -40.599 -65.593 -16.909
-42.28 -61.422 -16.267 -42.657 -60.539 -17.385 -42.106 -59.107 -17.207 -46.235 -59.416 -18.675
-42.195 -58.548 -16.002 -41.689 -57.182 -15.814 -40.186 -57.073 -16.098 -42.708 -56.232 -13.852
-39.45 -58.095 -15.643 -38.002 -58.078 -15.82 -37.643 -58.217 -17.315 -35.477 -58.313 -14.797
-38.425 -58.999 -18.059 -38.207 -59.114 -19.489 -38.47 -57.757 -20.098 -39.579 -62.109 -19.971
-39.555 -57.094 -19.665 -39.859 -55.747 -20.231 -38.837 -54.687 -19.915 -42.322 -56.069 -20.391
-38.314 -54.747 -18.687 -37.28 -53.832 -18.239 -36.028 -53.987 -19.122 -35.257 -52.073 -15.058
-35.643 -55.228 -19.351 -34.472 -55.477 -20.201 -34.713 -55.044 -21.639 -32.929 -58.142 -18.906
-35.913 -55.266 -22.183 -36.188 -54.813 -23.544 -36.05 -53.301 -23.65 -38.789 -57.361 -24.252
-36.557 -52.58 -22.642 -36.513 -51.116 -22.68 -35.071 -50.602 -22.529 -37.404 -50.533 -21.527
-34.329 -51.197 -21.61 -32.941 -50.767 -21.435 -32.178 -51.022 -22.741 -32.278 -51.139 -18.909
-32.464 -52.161 -23.37 -31.886 -52.445 -24.701 -32.204 -51.346 -25.717 -32.324 -53.83 -25.202
-33.47 -50.894 -25.777 -33.829 -49.818 -26.717 -33.103 -48.555 -26.379 -37.99 -50.475 -25.897
-32.951 -48.274 -25.086 -32.249 -47.082 -24.639 -30.779 -47.111 -25.085 -31.906 -43.828 -22.23
-30.126 -48.25 -24.859 -28.715 -48.403 -25.298 -28.576 -48.161 -26.81 -28.179 -49.812 -24.91
-29.48 -48.725 -27.6 -29.468 -48.527 -29.046 -29.564 -47.044 -29.38 -31.355 -51.002 -30.334
-30.513 -46.352 -28.754 -30.655 -44.897 -28.972 -29.406 -44.105 -28.546 -33.737 -44.686 -29.926
-28.84 -44.454 -27.391 -27.647 -43.762 -26.897 -26.44 -44.035 -27.803 -27.954 -43.579 -24.243
-26.465 -45.165 -28.504 -25.337 -45.573 -29.34 -25.386 -45.096 -30.804 -24.5 -47.87 -28.186
-26.578 -44.824 -31.344 -26.767 -44.579 -32.797 -25.811 -43.552 -33.439 -28.231 -44.228 -33.101
