QLNERQERIMNEAKKLEKDLIDWTDGIAREVQDIV
CHHHHHHHHHHHHHHHHHHHHHHHHHHHHHHHHHC
7.601 -939.405 -38.746 6.42 -939.517 -39.662 5.866 -938.177 -40.133 5.163 -939.934 -37.127
6.075 -937.127 -39.364 5.52 -935.868 -39.769 6.399 -935.285 -40.831 4.135 -934.627 -37.95
7.718 -935.346 -40.642 8.66 -934.936 -41.679 8.179 -935.48 -43.014 11.043 -934.521 -41.291
7.727 -936.72 -42.943 7.325 -937.484 -44.095 5.937 -937.121 -44.663 9.438 -938.78 -43.81
4.889 -937.118 -43.846 3.583 -936.749 -44.404 3.541 -935.263 -44.71 -0.318 -936.596 -41.933
4.505 -934.504 -44.211 4.576 -933.121 -44.572 5.183 -933.034 -45.938 5.728 -931.983 -41.748
5.882 -934.086 -46.337 6.468 -934.09 -47.666 5.598 -934.772 -48.735 8.844 -936.223 -48.296
4.547 -935.492 -48.335 3.525 -935.95 -49.27 2.632 -934.765 -49.671 0.144 -938.414 -47.862
2.176 -934.014 -48.67 1.551 -932.721 -48.898 2.439 -931.846 -49.768 0.609 -931.785 -46.917
3.727 -931.815 -49.451 4.669 -930.964 -50.18 4.797 -931.376 -51.657 6.362 -928.965 -49.588
4.949 -932.678 -51.881 5.11 -933.193 -53.232 3.839 -932.979 -54.079 6.897 -934.87 -52.705
2.687 -933.211 -53.448 1.407 -933.081 -54.128 1.094 -931.607 -54.413 -0.719 -935.319 -52.858
1.504 -930.732 -53.492 1.403 -929.295 -53.699 2.199 -928.826 -54.92 1.873 -928.551 -52.474
3.432 -929.314 -55.049 4.307 -928.93 -56.171 3.868 -929.433 -57.514 6.7 -927.35 -55.138
3.294 -930.626 -57.502 2.731 -931.242 -58.685 1.509 -930.42 -59.141 0.803 -934.121 -59.801
0.688 -930.0 -58.183 -0.461 -929.134 -58.44 -0.06 -927.767 -58.996 -2.63 -928.361 -57.2
1.03 -927.197 -58.476 1.586 -925.942 -59.003 1.898 -926.123 -60.461 4.049 -924.076 -57.687
2.459 -927.284 -60.78 2.727 -927.669 -62.167 1.429 -927.752 -62.978 4.059 -930.609 -63.354
0.46 -928.518 -62.504 -0.783 -928.741 -63.235 -1.531 -927.463 -63.62 -1.107 -930.969 -62.232
-1.384 -926.436 -62.78 -1.978 -925.126 -63.035 -1.415 -924.507 -64.309 -2.801 -924.208 -60.818
-0.087 -924.464 -64.386 0.609 -923.958 -65.565 0.366 -924.858 -66.802 2.814 -923.76 -64.527
0.338 -926.18 -66.606 0.043 -927.128 -67.681 -1.313 -926.824 -68.288 1.354 -929.148 -66.998
-2.297 -926.568 -67.434 -3.66 -926.323 -67.882 -3.783 -925.007 -68.629 -7.309 -925.066 -66.413
-3.315 -923.932 -68.008 -3.382 -922.622 -68.63 -2.731 -922.569 -70.008 -2.602 -921.645 -67.204
-1.548 -923.165 -70.142 -0.851 -923.218 -71.426 -1.545 -924.147 -72.413 1.341 -922.818 -70.324
-2.126 -925.233 -71.914 -2.822 -926.197 -72.749 -3.997 -925.5 -73.367 -2.547 -927.15 -72.874
-4.782 -924.814 -72.538 -5.867 -923.987 -73.053 -5.36 -922.896 -74.051 -7.546 -923.91 -71.891
-4.407 -922.05 -73.65 -3.883 -920.997 -74.543 -3.355 -921.565 -75.834 -2.803 -920.177 -73.87
-2.574 -922.63 -75.739 -2.116 -923.337 -76.924 -3.282 -923.706 -77.832 0.341 -926.108 -75.92
-4.366 -924.266 -77.276 -5.492 -924.739 -78.094 -6.281 -923.6 -78.685 -6.691 -927.351 -76.409
-6.606 -922.607 -77.858 -7.285 -921.416 -78.358 -6.523 -920.728 -79.525 -8.135 -920.18 -77.086
-5.206 -920.555 -79.393 -4.405 -919.87 -80.425 -4.229 -920.718 -81.678 -3.927 -917.976 -78.742
-4.254 -922.042 -81.522 -4.354 -922.95 -82.666 -5.661 -922.697 -83.431 -2.953 -924.797 -81.75
-6.648 -922.107 -82.763 -7.914 -921.775 -83.407 -7.887 -920.385 -84.078 -9.307 -922.875 -82.492
-6.717 -919.744 -84.13 -6.557 -918.467 -84.845 -5.256 -918.467 -85.666 -7.048 -916.866 -83.797
