MLAIVAYIGFLALFTGIAAGLLFGLRSAKIL
CHHHHHHHHHHHHHHHHHHHHHHHHHHHHCC
-58.849 81.746 -12.551 -58.959 83.091 -13.101 -59.08 84.126 -11.988 -59.48 84.196 -15.238
-60.088 83.96 -11.135 -60.254 84.821 -9.969 -59.055 84.691 -9.038 -62.011 85.197 -8.037
-58.593 83.458 -8.857 -57.438 83.184 -8.013 -56.188 83.867 -8.552 -57.212 81.685 -7.894
-56.088 83.958 -9.875 -54.941 84.593 -10.516 -54.916 86.093 -10.247 -54.311 83.61 -12.243
-56.039 86.759 -10.493 -56.138 88.196 -10.266 -55.93 88.522 -8.791 -57.604 89.143 -11.131
-56.651 87.797 -7.939 -56.54 87.946 -6.492 -55.099 87.78 -6.022 -57.443 86.944 -5.783
-54.413 86.768 -6.546 -53.013 86.556 -6.2 -52.158 87.724 -6.666 -49.675 84.795 -6.235
-52.228 88.044 -7.955 -51.364 89.059 -8.555 -51.476 90.427 -7.882 -50.894 88.858 -10.581
-52.702 90.897 -7.679 -52.896 92.274 -7.26 -52.749 92.585 -5.781 -53.117 92.966 -7.948
-52.068 91.728 -5.029 -52.314 91.719 -3.594 -51.221 91.996 -2.526 -53.799 90.226 -0.919
-49.955 91.55 -2.576 -49.03 91.269 -3.69 -48.726 92.549 -4.456 -48.564 89.029 -4.44
-49.482 92.883 -5.494 -49.294 94.198 -6.099 -49.665 95.262 -5.07 -50.12 94.352 -7.359
-50.799 95.053 -4.404 -51.252 95.955 -3.348 -50.216 96.116 -2.233 -53.322 96.163 -1.728
-49.774 95.002 -1.657 -48.845 95.056 -0.529 -47.435 95.492 -0.933 -50.184 93.618 2.242
-47.081 95.308 -2.201 -45.825 95.85 -2.712 -45.949 97.366 -2.784 -44.967 95.039 -4.251
-47.126 97.83 -3.191 -47.423 99.25 -3.179 -47.36 99.802 -1.768 -47.637 99.765 -4.009
-47.797 98.996 -0.806 -47.756 99.379 0.6 -46.315 99.476 1.097 -49.44 98.215 1.856
-45.498 98.498 0.722 -44.096 98.466 1.125 -43.309 99.64 0.544 -43.459 97.15 0.71
-43.453 99.865 -0.759 -42.762 100.965 -1.424 -43.255 102.312 -0.903 -42.951 100.877 -2.931
-44.571 102.434 -0.76 -45.181 103.652 -0.261 -44.751 103.98 1.155 -45.812 104.192 -0.818
-44.54 102.944 1.96 -44.068 103.121 3.328 -42.583 103.46 3.34 -45.646 101.626 4.751
-41.843 102.894 2.392 -40.418 103.177 2.259 -40.184 104.645 1.92 -38.35 102.266 0.93
-40.673 105.063 0.756 -40.506 106.442 0.314 -41.279 107.407 1.207 -39.573 105.308 -2.752
-42.342 106.909 1.83 -43.145 107.718 2.727 -42.396 108.077 3.994 -44.081 107.989 2.504
-41.841 107.066 4.656 -41.072 107.286 5.875 -39.739 107.96 5.565 -41.847 105.352 7.468
-39.257 107.786 4.337 -38.07 108.503 3.881 -38.359 109.997 3.782 -35.683 105.631 1.019
-39.456 110.335 3.11 -39.872 111.724 2.951 -40.262 112.332 4.294 -41.254 112.497 1.894
-40.651 111.474 5.231 -40.986 111.908 6.581 -39.754 111.866 7.477 -42.095 111.042 7.158
-38.583 112.004 6.855 -37.268 112.007 7.512 -37.081 110.958 8.615 -37.781 115.101 9.79
-37.792 109.838 8.515 -37.673 108.764 9.5 -36.696 107.686 9.034 -39.796 108.168 10.444
-36.783 107.321 7.759 -35.85 106.363 7.175 -34.74 107.077 6.411 -36.648 104.698 6.57
