MVEPLLSGIVLGLIVVTLAGLFYAAYKQYKRPNELGG
CCHHHHHHHHHHHHHHHHHHHHHHHHHHHCCCHHCCC
-54.065 56.539 4.48 -54.698 57.465 3.549 -53.684 58.439 2.956 -56.766 59.642 4.304
-53.717 58.59 1.635 -52.82 59.51 0.943 -53.439 60.898 0.798 -51.921 58.869 -0.663
-52.733 61.915 1.283 -53.198 63.293 1.157 -52.422 64.02 0.062 -53.578 64.101 4.389
-53.093 64.306 -1.065 -52.469 64.891 -2.259 -51.893 66.287 -2.03 -54.337 64.647 -2.322
-52.581 67.114 -1.252 -52.089 68.455 -0.953 -50.773 68.399 -0.177 -52.967 70.661 0.148
-50.784 67.673 0.937 -49.602 67.52 1.776 -48.448 66.895 0.999 -49.021 66.526 4.131
-48.751 65.837 0.252 -47.751 65.142 -0.552 -47.128 66.081 -1.579 -48.671 63.493 -0.788
-47.974 66.881 -2.22 -47.523 67.857 -3.193 -46.606 68.891 -2.573 -47.804 67.822 -4.152
-46.997 69.405 -1.411 -46.168 70.364 -0.69 -44.805 69.756 -0.362 -47.411 71.579 0.96
-44.82 68.521 0.129 -43.592 67.804 0.458 -42.663 67.664 -0.749 -43.681 66.152 1.496
-43.185 67.093 -1.833 -42.4 66.875 -3.047 -41.854 68.181 -3.623 -43.446 64.712 -4.084
-42.745 69.15 -3.813 -42.377 70.445 -4.358 -41.304 71.152 -3.552 -42.809 70.805 -5.185
-41.51 71.236 -2.24 -40.547 71.908 -1.378 -39.213 71.169 -1.351 -41.854 73.267 0.352
-39.262 69.84 -1.376 -38.037 69.044 -1.407 -37.223 69.337 -2.672 -38.242 66.754 -0.684
-37.89 69.297 -3.823 -37.218 69.533 -5.098 -36.657 70.954 -5.197 -38.078 68.929 -6.74
-37.474 71.946 -4.847 -37.04 73.336 -4.961 -35.928 73.66 -3.954 -38.258 74.807 -4.475
-35.943 72.993 -2.802 -34.914 73.219 -1.792 -33.591 72.588 -2.216 -35.364 72.961 0.071
-33.656 71.371 -2.75 -32.456 70.718 -3.264 -31.832 71.553 -4.383 -32.77 68.151 -2.873
-32.669 71.97 -5.331 -32.21 72.8 -6.442 -31.595 74.104 -5.939 -33.355 73.088 -7.397
-32.223 74.698 -4.928 -31.712 75.918 -4.331 -30.339 75.737 -3.709 -32.236 76.77 -4.346
-30.176 74.653 -2.957 -28.907 74.36 -2.301 -27.795 74.142 -3.323 -29.555 73.186 -0.025
-28.097 73.396 -4.383 -27.104 73.184 -5.432 -26.78 74.485 -6.161 -27.196 69.801 -5.636
-27.768 75.367 -6.273 -27.536 76.669 -6.888 -26.586 77.514 -6.045 -28.513 80.221 -7.726
-26.846 77.574 -4.741 -25.995 78.324 -3.819 -24.563 77.79 -3.831 -26.572 78.274 -2.412
-24.445 76.468 -3.718 -23.149 75.804 -3.787 -22.431 76.15 -5.088 -23.313 74.299 -3.655
-23.181 76.191 -6.186 -22.607 76.539 -7.48 -22.104 77.978 -7.491 -22.588 77.024 -11.219
-22.868 78.876 -6.876 -22.472 80.275 -6.787 -21.155 80.428 -6.042 -24.928 82.648 -5.936
-21.028 79.749 -4.905 -19.797 79.852 -4.122 -18.635 79.121 -4.796 -20.964 79.59 -0.991
-18.963 78.131 -5.618 -17.962 77.394 -6.379 -17.388 78.285 -7.476 -16.746 74.409 -8.413
-18.265 79.05 -8.118 -17.873 79.99 -9.164 -17.127 81.183 -8.577 -19.999 82.518 -11.099
-17.721 81.798 -7.56 -17.105 82.926 -6.874 -16.883 82.594 -5.401 -15.949 86.167 -7.676
-15.666 82.141 -5.064 -15.309 81.802 -3.683 -15.294 83.023 -2.769 -14.094 81.267 -5.024
-16.027 82.951 -1.662 -16.015 84.017 -0.667 -14.714 84.001 0.126 -18.47 83.985 -0.415
-14.538 84.987 1.001 -13.359 85.037 1.859 -13.341 83.826 2.786 -12.306 87.479 3.911
-12.145 83.291 3.027 -11.952 82.087 3.839 -12.678 80.885 3.232 -11.827 83.283 6.2
-12.941 80.955 1.929 -13.696 79.929 1.231 -12.969 78.604 1.11 -14.612 80.114 0.874
-12.979 77.835 2.194 -12.347 76.529 2.213 -13.137 75.521 3.026 -11.488 76.349 1.733
