MAILTLGWVSLLVVFTWSIAMVVWGRNGL
CCHHHHHHHHHHHHHHHHHHHHHHHCCCC
-69.024 81.781 -3.052 -67.964 80.806 -2.83 -66.6 81.376 -3.202 -67.918 78.713 -5.096
-66.546 82.688 -3.409 -65.295 83.356 -3.753 -64.392 83.496 -2.531 -65.572 84.719 -4.363
-65.005 83.541 -1.352 -64.271 83.698 -0.1 -63.3 82.534 0.124 -64.898 84.018 1.779
-63.683 81.345 -0.335 -62.824 80.169 -0.254 -61.564 80.373 -1.098 -64.736 78.387 0.008
-61.792 80.748 -2.354 -60.717 81.064 -3.28 -59.778 82.101 -2.673 -61.183 81.346 -5.135
-60.344 83.176 -2.13 -59.545 84.218 -1.487 -58.786 83.694 -0.266 -60.415 86.283 -2.248
-59.318 82.656 0.374 -58.63 82.027 1.489 -57.354 81.34 1.036 -58.981 82.062 2.425
-57.504 80.421 0.084 -56.338 79.735 -0.476 -55.326 80.727 -1.061 -57.019 76.121 -0.082
-55.848 81.736 -1.75 -55.029 82.816 -2.28 -54.253 83.493 -1.154 -55.781 84.112 -3.543
-54.898 83.687 -0.007 -54.234 84.316 1.13 -53.085 83.442 1.631 -55.427 83.991 2.58
-53.275 82.124 1.603 -52.174 81.216 1.946 -50.986 81.386 0.993 -51.732 78.643 2.225
-51.264 81.283 -0.306 -50.218 81.423 -1.319 -49.481 82.757 -1.192 -51.333 80.014 -3.196
-50.249 83.811 -0.943 -49.704 85.153 -0.846 -48.837 85.32 0.394 -50.843 86.707 -1.151
-49.258 84.77 1.531 -48.455 84.93 2.743 -47.168 84.108 2.636 -49.058 84.236 4.485
-47.223 83.002 1.896 -46.017 82.219 1.627 -45.028 83.032 0.779 -44.483 79.418 0.408
-45.516 83.466 -0.38 -44.736 84.278 -1.309 -44.135 85.504 -0.623 -45.521 84.623 -3.049
-44.957 86.178 0.171 -44.568 87.417 0.828 -43.569 87.167 1.942 -45.222 91.082 1.233
-43.72 86.059 2.661 -42.733 85.71 3.676 -41.368 85.544 3.018 -43.712 84.544 4.812
-41.333 84.782 1.925 -40.077 84.623 1.192 -39.532 85.981 0.736 -39.771 82.838 0.178
-40.409 86.82 0.192 -40.001 88.127 -0.322 -39.422 89.033 0.764 -41.176 88.815 -1.001
-40.019 89.002 1.95 -39.582 89.869 3.036 -38.29 89.356 3.648 -41.364 91.485 3.54
-38.096 88.04 3.636 -36.826 87.494 4.105 -35.712 87.854 3.119 -36.767 85.669 4.78
-36.014 87.778 1.825 -35.049 88.158 0.795 -34.698 89.643 0.883 -35.314 87.551 -1.046
-35.708 90.473 1.115 -35.509 91.915 1.198 -34.722 92.295 2.449 -37.615 95.54 1.163
-35.165 91.787 3.594 -34.548 92.101 4.87 -33.113 91.623 4.995 -35.053 92.59 5.581
-32.819 90.456 4.434 -31.469 89.908 4.501 -30.652 90.306 3.273 -30.57 86.53 6.183
-31.242 91.17 2.451 -30.6 91.709 1.254 -30.254 90.652 0.208 -29.618 93.712 2.36
-31.23 89.81 -0.121 -31.127 88.93 -1.272 -30.605 87.531 -1.018 -31.396 89.264 -2.175
-31.497 86.548 -1.095 -31.118 85.142 -0.987 -31.96 84.256 -1.904 -30.513 84.637 0.659
