MSGELLNAALLSFGLIFVGWALGALLLKIQGA
CCHHHHHHHHHHHHHHHHHHHHHHHHHHHHCC
-55.843 61.369 -7.651 -55.005 61.99 -6.632 -53.699 62.51 -7.226 -54.052 59.047 -5.404
-53.724 62.814 -8.52 -52.541 63.311 -9.213 -52.658 64.802 -9.512 -52.858 62.621 -10.959
-53.885 65.262 -9.736 -54.133 66.653 -10.073 -53.79 67.619 -8.955 -54.496 66.914 -10.967
-54.418 67.428 -7.798 -54.193 68.296 -6.647 -52.748 68.206 -6.164 -55.912 68.467 -3.768
-52.173 67.01 -6.254 -50.792 66.781 -5.839 -49.825 67.563 -6.722 -49.23 64.585 -5.499
-49.931 67.358 -8.032 -49.056 68.026 -8.99 -49.232 69.536 -8.917 -48.41 67.715 -11.516
-50.473 69.968 -8.714 -50.774 71.382 -8.542 -50.057 71.965 -7.324 -52.665 72.979 -8.456
-50.175 71.275 -6.191 -49.534 71.703 -4.951 -48.015 71.755 -5.096 -49.923 70.778 -3.81
-47.456 70.748 -5.76 -46.02 70.687 -6.006 -45.56 71.872 -6.851 -45.655 69.375 -6.685
-46.237 72.075 -7.978 -45.934 73.174 -8.889 -46.001 74.529 -8.193 -46.656 72.328 -11.252
-47.064 74.745 -7.423 -47.24 76.008 -6.715 -46.147 76.224 -5.673 -49.757 76.573 -6.792
-45.957 75.24 -4.799 -44.956 75.345 -3.741 -43.543 75.455 -4.32 -44.917 73.541 -3.128
-43.391 75.08 -5.587 -42.12 75.227 -6.288 -41.938 76.646 -6.837 -39.812 74.152 -8.569
-42.933 77.137 -7.575 -42.812 78.398 -8.296 -43.049 79.669 -7.494 -42.583 78.392 -9.269
-43.892 79.571 -6.47 -44.17 80.721 -5.618 -42.89 81.185 -4.935 -46.652 80.424 -4.957
-41.988 80.241 -4.689 -40.662 80.551 -4.173 -39.955 81.557 -5.078 -39.587 79.112 -3.078
-39.972 81.284 -6.378 -39.322 82.153 -7.351 -40.05 83.483 -7.477 -37.779 79.453 -8.694
-41.368 83.459 -7.292 -42.135 84.703 -7.298 -41.729 85.607 -6.128 -44.049 84.591 -7.628
-41.598 85.014 -4.945 -41.186 85.746 -3.76 -39.755 86.24 -3.852 -41.803 85.89 -2.987
-38.888 85.403 -4.413 -37.502 85.775 -4.665 -37.45 87.0 -5.571 -33.921 84.21 -6.226
-38.233 86.955 -6.646 -38.308 88.061 -7.593 -38.825 89.336 -6.932 -39.187 87.686 -8.772
-39.851 89.203 -6.094 -40.418 90.361 -5.404 -39.409 90.992 -4.448 -43.018 90.223 -5.184
-38.713 90.154 -3.686 -37.696 90.632 -2.765 -36.564 91.331 -3.493 -37.765 90.499 -1.776
-36.134 90.734 -4.6 -35.096 91.324 -5.435 -35.542 92.684 -5.967 -34.746 90.39 -6.586
-36.811 92.765 -6.36 -37.372 93.999 -6.899 -37.378 95.084 -5.83 -39.612 94.666 -8.25
-37.821 94.724 -4.63 -37.829 95.658 -3.511 -36.413 96.136 -3.201 -39.859 95.438 -2.336
-35.447 95.228 -3.307 -34.044 95.583 -3.113 -33.581 96.593 -4.156 -32.749 93.563 -2.014
-33.986 96.384 -5.404 -33.585 97.285 -6.478 -34.226 98.664 -6.34 -32.651 95.146 -9.198
-35.498 98.712 -5.949 -36.167 100.0 -5.781 -35.726 100.669 -4.485 -38.459 99.368 -5.407
-35.08 99.9 -3.613 -34.501 100.457 -2.396 -33.213 101.211 -2.709 -33.115 98.849 0.184
-32.342 100.582 -3.491 -31.065 101.172 -3.844 -29.913 100.551 -3.077 -30.989 101.904 -4.521
-30.043 99.266 -2.761 -29.014 98.551 -2.014 -27.784 98.289 -2.878 -29.568 97.244 -1.47
