GSMRMKQLEDKVGELLFSNYWLELEVARLKKLV
CCCCHHHHHHHHHHHHHHHHHHHHHHHHHHHHC
26.304 0.56 -10.291 24.958 0.134 -10.6 24.163 1.19 -11.328 24.621 -0.772 -10.344
22.877 0.923 -11.467 21.934 1.836 -12.093 21.21 2.623 -11.01 20.354 1.454 -13.114
21.415 3.934 -10.989 20.672 4.796 -10.093 19.174 4.735 -10.362 21.894 6.799 -8.677
18.768 4.694 -11.631 17.311 4.707 -11.904 16.696 3.403 -11.398 14.692 6.269 -12.37
17.341 2.269 -11.671 16.778 0.991 -11.251 16.718 0.918 -9.726 16.749 -1.397 -12.762
17.766 1.377 -9.054 17.799 1.3 -7.602 16.789 2.238 -6.972 19.24 0.447 -4.812
16.631 3.434 -7.523 15.599 4.354 -7.036 14.195 3.742 -7.181 16.762 7.369 -7.945
13.926 3.09 -8.312 12.662 2.387 -8.507 12.5 1.259 -7.494 12.061 2.637 -11.056
13.514 0.431 -7.345 13.454 -0.653 -6.378 13.184 -0.148 -4.968 15.599 -3.114 -5.784
13.844 0.94 -4.61 13.721 1.552 -3.287 12.3 2.035 -3.054 14.755 3.372 -1.975
11.73 2.702 -4.051 10.366 3.22 -3.959 9.36 2.058 -3.851 8.375 5.764 -4.19
9.531 1.02 -4.657 8.665 -0.14 -4.541 8.763 -0.723 -3.13 8.653 -1.479 -5.968
9.97 -0.868 -2.594 10.133 -1.448 -1.272 9.456 -0.593 -0.214 10.632 -2.3 -1.115
9.612 0.714 -0.316 9.016 1.615 0.671 7.484 1.516 0.617 9.309 4.953 0.766
6.937 1.538 -0.599 5.497 1.45 -0.786 4.937 0.109 -0.356 4.975 3.097 -2.742
5.657 -0.976 -0.607 5.201 -2.282 -0.158 5.154 -2.343 1.364 5.812 -4.242 -1.796
6.151 -1.786 2.034 6.142 -1.773 3.48 4.968 -0.923 3.998 7.488 -1.479 6.507
4.751 0.25 3.407 3.636 1.082 3.819 2.308 0.375 3.61 4.218 2.768 3.236
2.19 -0.331 2.502 0.983 -1.084 2.177 0.676 -2.117 3.261 0.056 -2.424 0.266
1.7 -2.85 3.649 1.576 -3.874 4.663 1.206 -3.241 6.016 3.216 -6.789 6.625
1.876 -2.155 6.381 1.563 -1.403 7.594 0.092 -0.992 7.587 1.643 1.7 9.876
-0.354 -0.459 6.461 -1.748 -0.02 6.342 -2.736 -1.18 6.441 -1.642 2.172 4.904
-2.437 -2.307 5.801 -3.285 -3.478 5.953 -3.374 -3.904 7.412 -3.958 -4.802 3.482
-2.258 -3.88 8.126 -2.283 -4.225 9.541 -3.141 -3.247 10.319 -0.023 -5.447 10.052
-3.076 -1.976 9.967 -3.863 -0.964 10.649 -5.371 -1.133 10.367 -3.601 1.43 11.925
-5.737 -1.424 9.123 -7.117 -1.727 8.779 -7.596 -2.916 9.601 -7.647 -1.79 6.909
-6.79 -3.968 9.695 -7.206 -5.15 10.425 -7.402 -4.828 11.902 -6.173 -6.248 10.249
-6.494 -4.037 12.476 -6.572 -3.641 13.872 -7.871 -2.908 14.142 -5.155 -0.385 15.692
-8.179 -1.953 13.277 -9.355 -1.139 13.474 -10.64 -1.933 13.232 -8.581 1.328 12.89
-10.642 -2.819 12.238 -11.841 -3.601 11.924 -12.234 -4.508 13.079 -12.594 -4.179 8.809
-11.259 -4.958 13.862 -11.556 -5.784 15.026 -12.431 -5.064 16.037 -8.711 -7.481 16.288
-12.425 -3.736 16.007 -13.059 -2.924 17.042 -14.475 -2.495 16.718 -10.961 -1.681 17.938
-14.85 -2.586 15.45 -16.124 -2.075 14.975 -16.921 -3.176 14.291 -15.41 -0.693 13.748
