EEEKSRLLEKENRELEKIIAEKEERVSELRHQLQS
CHHHHHHHHHHHHHHHHHHHHHHHHHHHHHHHHHC
20.835 5.644 -12.697 20.459 6.388 -11.46 18.953 6.331 -11.193 22.487 9.075 -11.484
18.193 5.87 -12.184 16.738 5.778 -12.063 16.318 4.662 -11.099 15.758 6.442 -15.229
16.979 3.507 -11.196 16.73 2.387 -10.28 17.118 2.791 -8.863 18.134 -0.663 -10.09
18.296 3.395 -8.731 18.793 3.823 -7.429 17.842 4.81 -6.76 22.033 4.476 -8.011
17.321 5.764 -7.533 16.386 6.75 -6.981 15.087 6.088 -6.544 16.597 8.306 -8.05
14.585 5.177 -7.373 13.352 4.483 -7.061 13.523 3.676 -5.771 10.54 1.664 -9.428
14.664 3.004 -5.642 14.94 2.203 -4.446 15.175 3.095 -3.233 16.068 0.046 -5.398
15.902 4.191 -3.427 16.205 5.073 -2.297 14.947 5.766 -1.791 18.168 6.634 -1.638
14.044 6.097 -2.704 12.761 6.679 -2.321 12.027 5.717 -1.386 10.65 8.311 -2.897
12.019 4.43 -1.733 11.363 3.43 -0.884 12.075 3.265 0.462 9.307 2.436 -3.008
13.407 3.326 0.452 14.166 3.246 1.696 13.814 4.417 2.604 17.458 3.087 2.351
13.785 5.618 2.041 13.469 6.796 2.839 12.071 6.704 3.437 14.974 8.389 1.652
11.121 6.197 2.657 9.761 6.026 3.16 9.756 5.071 4.346 9.041 8.112 1.459
10.538 3.996 4.244 10.607 3.018 5.33 11.276 3.625 6.56 10.005 0.484 5.589
12.3 4.446 6.346 12.971 5.116 7.463 12.011 6.072 8.165 15.518 5.207 6.77
11.106 6.698 7.408 10.108 7.583 8.021 9.158 6.781 8.897 9.267 10.039 5.945
8.819 5.575 8.453 7.959 4.69 9.243 8.668 4.284 10.535 6.033 3.224 6.634
9.963 3.992 10.435 10.767 3.621 11.598 10.823 4.794 12.579 12.723 2.398 10.947
10.99 6.0 12.045 11.029 7.203 12.868 9.704 7.39 13.613 12.156 8.975 11.74
8.589 7.217 12.907 7.275 7.349 13.543 7.102 6.291 14.636 6.17 7.238 12.513
7.568 5.076 14.362 7.469 3.999 15.341 8.282 4.306 16.589 7.528 1.365 13.322
9.481 4.846 16.396 10.349 5.161 17.527 9.813 6.337 18.339 13.57 3.956 16.408
9.273 7.355 17.668 8.679 8.489 18.389 7.475 8.028 19.197 9.592 11.071 17.621
6.662 7.147 18.618 5.497 6.639 19.342 5.94 5.828 20.56 2.949 6.196 19.472
7.009 5.045 20.413 7.542 4.291 21.546 8.036 5.223 22.656 8.007 1.24 23.634
8.73 6.302 22.285 9.196 7.273 23.286 7.989 7.882 23.991 10.574 8.59 22.829
6.935 8.142 23.223 5.699 8.692 23.786 5.058 7.716 24.766 4.116 9.302 22.941
5.026 6.437 24.391 4.465 5.396 25.252 5.224 5.328 26.565 3.841 2.935 23.054
6.549 5.441 26.484 7.398 5.388 27.67 7.157 6.604 28.562 9.503 4.067 26.816
6.96 7.762 27.945 6.702 8.974 28.725 5.331 8.916 29.39 9.536 11.884 26.454
4.375 8.26 28.737 3.053 8.058 29.326 3.183 7.183 30.576 0.079 7.063 29.155
4.14 6.258 30.549 4.366 5.366 31.688 5.03 6.062 32.873 5.31 2.592 30.093
5.691 7.193 32.626 6.302 7.967 33.71 5.24 8.469 34.676 8.49 9.239 32.82
4.13 8.958 34.126 3.033 9.491 34.932 2.391 8.371 35.737 1.504 11.087 32.412
1.628 7.527 35.045 0.92 6.414 35.67 1.886 5.384 36.248 0.336 5.523 34.088
