SVNQASTSRLEGLQSENHHLRMKITELDKDLEEVTMQLQ
CCCHHHHHHHHHHHHCCHHHHHHHHHHHHHHHHHHHHCC
17.743 17.207 -20.671 17.866 17.833 -19.328 17.156 16.983 -18.277 17.58 19.625 -18.803
16.38 16.002 -18.736 15.765 15.037 -17.822 16.841 14.157 -17.176 14.488 14.172 -19.043
17.996 14.035 -17.833 19.102 13.246 -17.284 19.713 13.959 -16.09 19.654 12.242 -19.462
19.888 15.271 -16.222 20.401 16.084 -15.124 19.381 16.114 -13.988 22.747 17.35 -15.726
18.097 16.134 -14.344 17.032 16.12 -13.344 17.109 14.847 -12.515 15.675 16.23 -14.017
17.349 13.721 -13.182 17.446 12.436 -12.485 18.632 12.411 -11.526 16.929 11.153 -13.78
19.736 13.022 -11.943 20.924 13.076 -11.105 20.664 13.912 -9.86 22.619 13.381 -11.958
19.989 15.043 -10.041 19.636 15.909 -8.918 18.695 15.182 -7.979 19.437 17.606 -9.752
17.731 14.455 -8.544 16.781 13.709 -7.718 17.518 12.741 -6.792 13.305 10.912 -7.745
18.457 11.982 -7.349 19.22 11.026 -6.547 20.014 11.718 -5.444 20.754 8.964 -6.93
20.682 12.817 -5.779 21.459 13.545 -4.769 20.559 14.039 -3.649 23.716 15.244 -6.568
19.381 14.539 -4.018 18.421 15.018 -3.027 17.942 13.897 -2.124 18.134 15.974 -2.974
17.688 12.727 -2.707 17.231 11.596 -1.899 18.335 11.123 -0.965 15.431 10.432 -3.415
19.589 11.279 -1.386 20.72 10.9 -0.531 20.821 11.854 0.659 22.99 9.946 -2.833
20.559 13.133 0.409 20.559 14.132 1.48 19.44 13.805 2.457 20.91 15.749 0.538
18.267 13.489 1.92 17.122 13.147 2.753 17.417 11.902 3.59 13.954 12.465 1.877
18.056 10.914 2.97 18.399 9.673 3.66 19.27 9.964 4.88 19.278 7.397 3.247
20.252 10.847 4.718 21.124 11.196 5.833 20.366 11.911 6.943 23.671 12.58 7.004
19.491 12.836 6.56 18.646 13.533 7.524 17.867 12.53 8.38 16.135 15.349 8.103
17.256 11.55 7.721 16.44 10.552 8.414 17.278 9.66 9.315 14.481 10.247 6.706
18.464 9.293 8.852 19.334 8.438 9.662 19.866 9.17 10.884 20.438 5.248 7.142
20.12 10.466 10.742 20.554 11.273 11.88 19.423 11.385 12.898 22.835 12.775 11.5
18.188 11.497 12.414 17.023 11.542 13.302 16.884 10.236 14.067 14.154 13.177 11.839
17.164 9.121 13.4 17.083 7.825 14.071 18.126 7.716 15.176 16.642 6.039 12.543
19.331 8.216 14.919 20.365 8.191 15.95 19.904 8.963 17.182 22.188 8.479 15.396
19.264 10.108 16.95 18.728 10.928 18.04 17.627 10.186 18.793 18.545 13.962 16.634
16.731 9.539 18.052 15.632 8.805 18.683 16.108 7.611 19.487 13.56 9.262 17.236
17.144 6.926 19.007 17.675 5.797 19.759 18.239 6.292 21.081 18.152 4.173 17.981
18.804 7.494 21.056 19.328 8.105 22.269 18.167 8.439 23.211 19.772 11.297 22.778
17.076 8.968 22.659 15.907 9.316 23.471 15.289 8.061 24.096 15.201 11.373 22.277
15.21 6.986 23.312 14.663 5.723 23.797 15.459 5.228 24.998 13.568 4.438 21.76
16.781 5.262 24.886 17.626 4.811 25.984 17.464 5.689 27.222 20.888 4.146 26.107
17.498 7.003 27.022 17.424 7.942 28.145 16.099 7.869 28.895 19.263 10.573 27.199
14.992 7.738 28.168 13.684 7.611 28.812 13.538 6.231 29.456 12.124 8.34 27.884
14.086 5.2 28.814 14.048 3.862 29.396 14.801 3.857 30.725 14.406 2.301 28.296
15.939 4.548 30.775 16.723 4.637 32.018 15.963 5.434 33.084 19.84 4.728 31.324
15.272 6.483 32.65 14.478 7.317 33.55 13.325 6.526 34.164 12.981 10.289 32.932
12.692 5.694 33.343 11.526 4.911 33.746 11.88 3.718 34.641 9.377 4.079 32.411
13.026 3.101 34.382 13.452 1.924 35.134 14.267 2.291 36.373 14.145 -0.205 32.593
