KLLSSSETKRAARRPYKPIALR
CCCCHHHHHHHHHCCCCCCCCC
35.974 20.43 38.872 37.21 19.623 38.602 37.353 18.328 39.429 39.435 22.587 37.742
36.237 17.817 39.957 36.139 16.407 40.324 36.274 15.63 39.022 34.442 16.476 42.343
35.646 16.197 37.987 35.671 15.668 36.63 36.05 16.784 35.633 33.771 14.316 35.181
37.192 16.628 34.964 37.627 17.603 33.962 36.847 17.42 32.657 39.322 16.876 33.44
36.856 18.464 31.828 36.309 18.4 30.47 37.047 17.329 29.645 37.067 19.877 29.547
38.357 17.233 29.868 39.217 16.271 29.213 38.844 14.812 29.52 41.092 16.076 29.36
38.648 14.496 30.794 38.098 13.198 31.193 36.636 13.019 30.749 39.265 13.432 34.297
35.905 14.117 30.551 34.534 14.047 30.058 34.585 13.694 28.569 33.175 15.385 30.584
35.53 14.265 27.845 35.634 13.994 26.431 36.061 12.567 26.214 36.599 17.357 25.42
36.9 12.07 27.105 37.372 10.705 27.018 36.265 9.728 27.357 41.111 10.465 28.406
35.484 10.062 28.373 34.311 9.264 28.72 33.237 9.242 27.614 33.707 9.766 30.002
33.186 10.301 26.815 32.262 10.371 25.692 32.508 9.241 24.703 32.35 11.721 24.989
33.734 8.723 24.653 34.107 7.683 23.708 34.223 6.311 24.355 37.228 9.166 21.665
33.788 6.218 25.605 33.779 4.971 26.362 32.533 4.921 27.168 37.618 5.305 27.926
31.397 4.804 26.51 30.196 4.925 27.316 29.895 3.736 28.233 29.932 4.523 25.526
30.484 2.572 27.948 30.26 1.392 28.767 31.22 1.168 29.927 27.983 0.414 26.011
32.193 2.051 30.078 33.083 2.058 31.192 32.621 3.069 32.246 36.515 2.827 31.876
32.539 2.659 33.512 32.132 3.604 34.564 33.036 4.804 34.58 32.606 1.871 35.134
32.482 5.978 34.815 33.3 7.176 34.844 34.049 7.21 36.181 32.243 9.132 33.942
35.36 7.452 36.092 36.246 7.507 37.262 36.225 8.88 37.956 37.671 7.154 36.855
35.571 8.935 39.116 35.502 10.147 39.938 36.608 10.142 41.004 32.926 10.34 39.826
37.699 10.868 40.75 38.925 10.76 41.578 39.074 11.926 42.543 40.804 13.666 39.344
