LLSSSETKRAARRPYKPIAL
CCCHHHHHHHHHCCCCCCCC
4.577 -80.744 19.107 3.911 -80.504 20.43 2.542 -81.168 20.454 4.884 -78.125 20.824
1.722 -80.769 19.482 0.357 -81.248 19.33 0.216 -81.97 17.985 -0.632 -79.086 20.491
-0.932 -82.609 17.798 -1.24 -83.291 16.55 -1.4 -82.271 15.436 -3.04 -83.718 17.007
-1.347 -82.748 14.199 -1.58 -81.899 13.038 -2.95 -81.222 13.121 -0.808 -82.922 11.648
-3.939 -81.965 13.608 -5.3 -81.456 13.767 -5.34 -80.278 14.742 -6.896 -82.344 14.355
-4.594 -80.401 15.837 -4.588 -79.395 16.903 -3.769 -78.149 16.558 -5.657 -80.469 19.32
-2.614 -78.336 15.92 -1.773 -77.212 15.481 -2.441 -76.387 14.381 -0.115 -78.145 15.161
-3.116 -77.056 13.448 -3.935 -76.369 12.455 -5.064 -75.629 13.15 -6.349 -77.38 9.637
-5.709 -76.306 14.083 -6.831 -75.717 14.794 -6.397 -74.441 15.52 -9.561 -78.605 16.024
-5.272 -74.494 16.225 -4.784 -73.303 16.923 -4.405 -72.185 15.933 -3.611 -73.653 17.822
-3.884 -72.56 14.767 -3.5 -71.599 13.729 -4.663 -70.775 13.166 -2.789 -72.317 12.593
-5.882 -71.295 13.267 -7.076 -70.603 12.774 -8.021 -70.178 13.907 -8.269 -73.03 9.624
-7.57 -70.325 15.151 -8.341 -69.915 16.323 -7.432 -69.119 17.248 -10.849 -73.863 16.728
-7.038 -67.908 16.81 -6.066 -67.089 17.549 -6.48 -66.701 18.97 -6.89 -66.271 16.054
-7.771 -66.459 19.176 -8.262 -65.889 20.437 -8.918 -66.911 21.381 -8.028 -62.632 18.503
-8.764 -68.194 21.061 -9.145 -69.28 21.958 -7.882 -69.859 22.609 -12.236 -70.42 20.757
-7.878 -70.001 23.949 -6.68 -70.501 24.633 -6.315 -71.933 24.247 -8.191 -70.187 25.721
-5.019 -72.205 24.19 -4.501 -73.523 23.851 -4.228 -74.325 25.118 -2.866 -73.286 22.144
-4.825 -75.512 25.201 -4.674 -76.407 26.352 -4.219 -77.788 25.885 -5.992 -76.515 27.114
-3.799 -78.619 26.838 -3.319 -79.988 26.566 -4.26 -81.015 27.197 -0.637 -79.879 26.422
