NFFPVPKDADDYEAGKADCVREKEDEKGKYWLSKPIF
CCCCCCCCHHHHHCCCCCCCCCCCCCCCCEECCCCCC
-52.755 -34.298 66.158 -52.195 -35.145 67.217 -51.244 -34.425 68.178 -52.304 -37.078 65.715
-51.491 -34.619 69.463 -50.976 -33.79 70.538 -50.063 -34.61 71.446 -51.794 -31.603 73.112
-48.774 -34.278 71.507 -47.841 -35.004 72.385 -47.123 -34.061 73.351 -47.85 -37.405 69.954
-47.517 -34.08 74.652 -46.893 -33.262 75.703 -45.384 -33.402 75.671 -48.27 -34.416 76.273
-44.678 -32.294 75.798 -43.21 -32.329 75.8 -42.73 -32.976 77.075 -42.216 -30.697 75.332
-41.858 -33.999 76.97 -41.24 -34.639 78.137 -40.702 -33.579 79.091 -40.709 -35.287 76.44
-40.985 -33.73 80.379 -40.716 -32.647 81.306 -39.218 -32.477 81.542 -43.808 -32.463 82.945
-38.428 -33.477 81.16 -36.967 -33.354 81.228 -36.306 -32.89 79.896 -36.586 -35.708 80.686
-37.107 -32.48 78.917 -36.553 -31.999 77.636 -35.962 -30.607 77.789 -37.624 -31.986 76.556
-34.943 -30.301 76.991 -34.366 -28.956 76.963 -35.416 -27.869 76.672 -32.152 -29.766 76.134
-36.44 -28.19 75.895 -37.398 -27.16 75.515 -38.68 -27.264 76.302 -38.274 -28.529 73.676
-38.664 -28.027 77.393 -39.875 -28.13 78.2 -40.251 -26.789 78.84 -42.089 -29.062 81.032
-41.518 -26.436 78.7 -42.16 -25.353 79.443 -43.549 -25.87 79.784 -41.374 -22.672 77.574
-44.129 -25.386 80.877 -45.419 -25.911 81.333 -46.51 -25.72 80.284 -45.829 -25.227 82.685
-47.259 -26.788 80.005 -48.329 -26.751 79.019 -47.895 -26.957 77.565 -49.273 -26.599 79.313
-46.592 -27.095 77.329 -46.062 -27.195 75.964 -46.235 -28.595 75.374 -42.858 -26.209 74.329
-46.593 -28.674 74.092 -46.682 -29.987 73.442 -46.27 -29.912 71.973 -48.084 -30.536 73.563
-45.864 -31.056 71.402 -45.647 -31.179 69.948 -46.942 -31.557 69.266 -43.316 -32.056 70.2
-47.372 -30.754 68.305 -48.477 -31.125 67.435 -47.891 -31.789 66.202 -49.953 -30.084 66.446
-48.225 -33.055 66.0 -47.592 -33.85 64.958 -48.673 -34.287 64.004 -46.299 -35.193 65.483
-48.452 -34.054 62.721 -49.403 -34.52 61.746 -48.685 -35.136 60.563 -49.704 -30.19 60.763
-49.357 -36.117 59.979 -48.866 -36.804 58.812 -49.472 -36.136 57.594 -49.039 -40.05 58.094
-48.653 -35.931 56.564 -49.134 -35.428 55.271 -48.606 -36.306 54.152 -49.487 -31.995 55.283
-49.269 -36.286 53.004 -48.751 -36.995 51.847 -49.141 -36.23 50.581 -48.983 -40.282 51.156
-48.189 -36.0 49.675 -48.497 -35.345 48.394 -47.94 -36.196 47.267 -46.518 -33.826 48.518
-47.861 -35.624 46.061 -47.399 -36.354 44.882 -46.035 -37.003 45.091 -48.304 -34.677 42.125
-45.152 -36.329 45.838 -43.796 -36.829 46.067 -43.756 -37.955 47.106 -41.736 -34.947 44.408
-44.394 -37.748 48.253 -44.383 -38.78 49.259 -44.959 -38.334 50.578 -44.021 -39.692 49.066
-44.732 -39.18 51.572 -45.275 -39.038 52.911 -44.309 -38.28 53.811 -46.743 -41.73 54.597
-44.842 -37.437 54.681 -43.98 -36.812 55.673 -44.72 -36.415 56.954 -44.934 -33.463 54.008
-43.954 -36.054 57.974 -44.53 -35.643 59.253 -44.009 -34.28 59.648 -44.474 -39.405 59.139
-44.914 -33.441 60.148 -44.642 -32.105 60.659 -44.824 -32.036 62.19 -45.399 -30.717 58.637
-43.865 -31.419 62.892 -43.95 -31.262 64.355 -43.82 -29.799 64.743 -42.9 -31.946 65.789
-44.924 -29.212 65.196 -44.979 -27.814 65.588 -45.253 -27.675 67.077 -46.715 -24.814 64.899
-44.472 -26.841 67.789 -44.704 -26.731 69.227 -45.928 -25.873 69.51 -43.091 -26.0 68.573
-46.778 -26.303 70.437 -47.97 -25.534 70.796 -48.133 -25.481 72.315 -49.673 -27.033 69.97
-49.118 -24.7 72.768 -49.518 -24.679 74.183 -51.004 -24.987 74.401 -46.742 -22.976 75.005
