GKIEQILQKIEKILQKIEWILQKIEQILQG
CHHHHHHHHHHHHHHHHHHHHHHHHHHHCC
31.464 8.86 56.742 32.23 10.03 57.14 31.853 10.473 58.543 32.908 10.461 56.544
30.55 10.622 58.767 30.015 10.984 60.073 30.347 9.91 61.112 26.548 12.29 61.174
30.286 8.646 60.706 30.628 7.541 61.604 32.067 7.663 62.102 29.758 5.442 60.841
32.999 7.931 61.19 34.392 8.146 61.579 34.511 9.29 62.574 35.969 7.697 58.676
33.804 10.384 62.312 33.873 11.546 63.192 33.338 11.214 64.584 33.085 14.185 61.276
32.22 10.498 64.645 31.661 10.117 65.932 32.602 9.174 66.697 29.341 9.764 65.628
33.198 8.209 66.002 34.127 7.295 66.651 35.358 8.022 67.184 33.798 4.96 65.545
35.835 9.034 66.458 37.001 9.788 66.929 36.678 10.623 68.181 38.63 10.649 64.11
35.439 11.102 68.293 34.984 11.777 69.509 34.899 10.798 70.69 32.891 14.385 67.99
34.386 9.598 70.429 34.328 8.554 71.446 35.745 8.215 71.932 32.753 6.888 70.854
36.67 8.027 70.989 38.055 7.732 71.336 38.64 8.816 72.23 40.834 7.514 69.512
38.332 10.076 71.914 38.813 11.213 72.694 38.266 11.219 74.125 40.729 12.784 70.906
36.972 10.938 74.289 36.367 10.921 75.631 36.966 9.791 76.451 33.99 11.211 75.391
37.172 8.635 75.81 37.795 7.478 76.455 39.21 7.813 76.934 36.622 5.38 75.408
39.963 8.536 76.105 41.271 9.063 76.503 41.147 9.941 77.748 42.881 9.621 73.594
40.189 10.864 77.748 39.932 11.673 78.948 39.576 10.826 80.174 38.823 14.619 77.324
38.683 9.852 79.981 38.306 8.917 81.047 39.524 8.173 81.615 36.254 7.781 80.535
40.414 7.725 80.742 41.588 6.982 81.186 42.501 7.829 82.067 44.183 5.644 79.897
42.682 9.092 81.698 43.495 10.025 82.483 42.9 10.263 83.865 45.853 12.718 83.27
41.593 10.468 83.925 40.946 10.649 85.211 41.164 9.407 86.068 38.822 11.612 84.867
41.002 8.227 85.466 41.129 6.97 86.194 42.539 6.791 86.71 39.325 5.273 85.336
43.518 7.214 85.91 44.91 7.187 86.348 45.121 8.064 87.573 46.797 7.008 83.556
44.502 9.239 87.597 44.633 10.115 88.759 43.963 9.503 89.99 43.915 13.294 87.082
42.764 8.965 89.795 42.018 8.328 90.873 42.811 7.181 91.482 39.715 8.021 90.344
43.409 6.371 90.62 44.185 5.242 91.087 45.367 5.732 91.918 45.978 2.983 89.783
46.006 6.81 91.474 47.127 7.373 92.227 46.689 7.937 93.568 48.962 8.818 89.818
45.542 8.611 93.593 44.985 9.122 94.845 44.749 7.979 95.833 43.287 10.74 94.392
44.235 6.851 95.338 43.893 5.714 96.196 45.13 4.961 96.682 41.518 4.959 95.328
46.139 4.846 95.829 47.293 4.027 96.163 48.256 4.73 97.128 49.008 4.304 93.321
48.202 6.061 97.167 49.149 6.839 97.943 48.761 6.951 99.402 49.963 7.245 97.527
