PEIWIAQELRRIGDEFNAYYA
CCCHHHHHHHHHHHHHHHHCC
108.137 -15.215 18.168 107.666 -16.537 17.763 108.773 -17.578 17.785 107.91 -15.311 16.383
109.95 -17.194 18.269 111.103 -18.083 18.241 110.826 -19.4 18.956 112.334 -15.502 18.296
110.204 -19.343 20.133 109.971 -20.564 20.902 108.924 -21.447 20.223 110.246 -20.58 22.952
107.899 -20.81 19.662 106.856 -21.51 18.918 107.434 -22.262 17.715 104.628 -17.998 19.549
108.285 -21.578 16.952 108.942 -22.175 15.793 109.792 -23.372 16.197 109.83 -20.492 14.327
110.582 -23.192 17.246 111.453 -24.263 17.704 110.654 -25.481 18.155 112.345 -23.773 18.833
109.526 -25.246 18.822 108.675 -26.348 19.274 108.067 -27.127 18.11 107.27 -24.874 21.923
107.691 -26.423 17.047 107.183 -27.094 15.853 108.294 -27.859 15.13 104.837 -25.104 14.676
109.465 -27.241 15.007 110.622 -27.924 14.439 110.959 -29.198 15.2 112.18 -26.063 13.432
110.88 -29.109 16.523 111.232 -30.221 17.39 110.241 -31.368 17.233 111.179 -29.259 21.352
108.959 -31.032 17.167 107.921 -32.042 17.034 108.087 -32.813 15.72 104.592 -33.31 18.602
108.273 -32.098 14.611 108.46 -32.767 13.329 109.803 -33.498 13.315 107.445 -31.855 11.79
110.817 -32.899 13.938 112.113 -33.546 14.058 112.037 -34.884 14.758 112.949 -33.125 13.705
111.271 -34.945 15.842 111.152 -36.187 16.602 110.317 -37.219 15.845 111.452 -35.206 18.837
109.299 -36.745 15.135 108.498 -37.596 14.259 109.372 -38.224 13.171 106.157 -36.449 12.145
110.192 -37.386 12.55 111.152 -37.803 11.528 112.101 -38.836 12.109 113.647 -37.043 9.264
112.64 -38.528 13.282 113.613 -39.411 13.915 113.042 -40.792 14.228 115.32 -39.426 15.694
111.826 -40.815 14.766 111.182 -42.069 15.137 110.943 -42.946 13.913 109.871 -41.801 15.866
110.691 -42.32 12.767 110.43 -43.062 11.54 111.683 -43.77 11.017 108.935 -43.469 8.076
112.841 -43.135 11.181 114.091 -43.689 10.666 114.989 -44.275 11.753 113.525 -41.887 7.43
114.453 -44.392 12.965 115.207 -44.901 14.113 115.851 -46.259 13.838 114.301 -44.991 15.332
