SEFDMWLERAADITWEMDAAI
CHHHHHHHHHHHCCHHHHCCC
9.74 -14.566 9.334 8.765 -13.592 8.861 7.521 -13.608 9.755 8.11 -14.519 7.33
6.417 -13.063 9.247 5.183 -12.914 10.017 4.044 -13.774 9.479 4.729 -10.503 11.736
3.37 -14.491 10.375 2.097 -15.123 10.049 1.005 -14.552 10.941 0.01 -17.743 9.602
-0.027 -14.004 10.309 -1.14 -13.384 11.018 -2.467 -13.856 10.447 0.173 -11.343 11.47
-3.482 -13.907 11.305 -4.852 -14.17 10.884 -5.755 -13.087 11.457 -5.334 -17.244 10.87
-6.745 -12.658 10.68 -7.658 -11.61 11.123 -9.026 -11.762 10.462 -6.001 -10.059 8.023
-10.024 -11.081 11.017 -11.395 -11.181 10.524 -11.78 -9.978 9.668 -12.466 -12.541 12.479
-12.542 -10.252 8.615 -13.027 -9.233 7.693 -14.504 -9.485 7.419 -12.535 -7.47 5.603
-15.357 -8.556 7.841 -16.801 -8.721 7.697 -17.209 -8.829 6.23 -20.465 -7.396 9.584
-17.986 -9.863 5.916 -18.411 -10.13 4.545 -19.922 -10.013 4.354 -17.949 -11.508 4.124
-20.698 -10.216 5.417 -22.155 -10.173 5.294 -22.887 -10.194 6.632 -22.641 -11.345 4.436
-24.123 -9.702 6.622 -25.027 -9.883 7.75 -25.556 -11.313 7.747 -25.803 -7.529 7.75
-25.916 -11.816 8.923 -26.617 -13.089 9.03 -28.09 -12.864 8.72 -25.884 -14.202 11.016
-28.522 -13.254 7.528 -29.915 -13.074 7.157 -30.363 -13.996 6.033 -30.331 -11.443 6.207
-31.643 -14.349 6.08 -32.323 -15.022 4.986 -32.661 -13.971 3.934 -34.593 -18.107 3.992
-32.608 -14.346 2.659 -32.948 -13.427 1.573 -34.029 -14.023 0.688 -31.009 -12.063 -0.804
-35.124 -13.286 0.541 -36.26 -13.737 -0.253 -35.876 -13.88 -1.722 -38.571 -13.478 0.943
-35.082 -12.936 -2.219 -34.694 -12.921 -3.626 -33.883 -14.157 -4.002 -34.648 -10.456 -3.725
-33.145 -14.699 -3.038 -32.353 -15.901 -3.271 -33.264 -17.077 -3.615 -31.5 -16.223 -2.053
-34.468 -17.075 -3.049 -35.464 -18.098 -3.354 -36.019 -17.899 -4.761 -36.595 -18.069 -2.331
-36.308 -16.646 -5.103 -36.856 -16.305 -6.411 -35.822 -16.54 -7.508 -37.329 -14.851 -6.428
