ATCYCRTGRCATRESLSGVCRISGRLYRLCCR
CCEEECCCCCCCCHHHHHEEECCCEEEHHHCC
12.048 -5.642 79.904 11.931 -6.56 81.056 12.667 -7.851 80.771 10.483 -6.857 81.345
13.225 -8.415 81.835 13.981 -9.65 81.794 13.216 -10.682 82.58 15.87 -9.508 82.14
13.003 -11.834 81.966 12.045 -12.799 82.466 12.581 -14.214 82.559 10.438 -11.962 81.472
11.915 -14.987 83.421 12.187 -16.41 83.649 10.893 -17.191 83.618 15.495 -15.508 85.185
10.934 -18.362 83.01 9.874 -19.346 83.158 10.231 -20.192 84.366 9.516 -19.77 81.164
9.471 -20.092 85.444 9.876 -20.717 86.685 9.143 -22.016 86.955 12.218 -17.862 88.468
9.819 -22.919 87.658 9.237 -24.185 88.074 8.329 -24.006 89.272 10.872 -25.148 88.436
8.598 -22.982 90.076 7.829 -22.692 91.266 7.299 -21.276 91.227 7.687 -23.361 91.996
7.35 -20.608 92.364 6.832 -19.253 92.466 7.838 -18.24 91.943 4.364 -18.365 95.716
7.386 -17.029 91.652 8.306 -15.971 91.262 9.187 -15.588 92.451 7.06 -14.834 90.024
10.393 -15.089 92.187 11.211 -14.472 93.253 10.529 -13.211 93.797 12.603 -14.145 92.729
10.867 -12.81 95.025 10.191 -11.666 95.638 10.411 -10.37 94.838 10.988 -11.773 97.413
11.542 -10.217 94.167 11.763 -8.99 93.4 11.137 -9.04 91.992 16.272 -9.418 92.093
10.856 -10.246 91.489 10.082 -10.446 90.246 8.567 -10.277 90.423 11.569 -13.271 89.214
7.867 -9.991 89.317 6.44 -9.92 89.244 5.993 -10.929 88.234 6.174 -8.042 89.288
4.891 -11.588 88.541 4.245 -12.466 87.596 3.707 -11.646 86.437 2.504 -14.401 87.777
4.16 -11.972 85.227 3.834 -11.177 84.046 3.024 -11.919 82.976 5.44 -10.187 83.89
2.862 -13.229 83.122 2.254 -14.075 82.112 2.424 -15.517 82.524 1.804 -13.73 81.289
2.174 -16.406 81.586 2.487 -17.81 81.762 3.372 -18.264 80.624 0.671 -18.563 81.907
4.249 -19.2 80.927 4.959 -19.97 79.922 4.233 -21.285 79.731 6.844 -19.521 80.566
4.268 -21.818 78.521 3.623 -23.078 78.218 4.702 -23.994 77.701 0.727 -22.788 75.246
4.827 -25.162 78.315 5.791 -26.154 77.898 5.07 -27.501 77.856 7.828 -25.69 79.039
4.979 -28.091 76.67 4.273 -29.363 76.479 2.822 -29.302 76.964 4.84 -31.132 76.884
2.195 -28.15 76.785 0.821 -27.982 77.193 0.597 -27.778 78.676 0.091 -28.005 76.51
1.665 -27.586 79.449 1.542 -27.295 80.87 1.987 -25.862 81.148 2.618 -31.451 81.347
1.356 -25.236 82.129 1.615 -23.837 82.439 2.6 -23.662 83.577 -0.645 -22.769 81.804
3.47 -22.678 83.408 4.456 -22.266 84.394 4.371 -20.761 84.52 6.141 -25.505 83.597
4.73 -20.225 85.669 4.775 -18.772 85.827 5.854 -18.13 84.965 3.691 -19.376 89.973
5.511 -17.016 84.317 6.481 -16.121 83.706 6.722 -14.987 84.674 6.772 -14.743 81.511
7.963 -14.856 85.136 8.314 -13.903 86.173 9.324 -12.909 85.642 8.366 -15.299 87.688
9.035 -11.621 85.778 9.82 -10.583 85.12 10.266 -9.5 86.088 8.76 -10.462 83.345
11.354 -8.841 85.704 11.915 -7.695 86.412 12.34 -6.637 85.433 14.671 -9.804 87.449
