TQEYLLKEIMKLLKEQIKLLKEQIKMLKELEKQ
CHHHHHHHHHHHHHHHHHHHHHHHHHHHHHHHC
-8.353 -6.642 14.705 -7.937 -7.746 13.828 -6.446 -7.963 13.82 -8.804 -7.83 12.179
-5.669 -6.889 13.815 -4.209 -7.022 13.776 -3.655 -7.653 15.057 -3.504 -4.171 12.159
-4.235 -7.27 16.178 -3.804 -7.847 17.442 -4.083 -9.375 17.429 -5.139 -7.342 20.529
-5.24 -9.752 16.888 -5.592 -11.136 16.831 -4.595 -11.961 15.985 -7.732 -13.954 15.677
-4.256 -11.441 14.826 -3.32 -12.11 13.956 -1.895 -12.193 14.576 -4.398 -11.63 11.673
-1.488 -11.131 15.239 -0.176 -11.177 15.89 -0.2 -12.293 16.928 0.786 -8.787 15.781
-1.312 -12.416 17.625 -1.428 -13.498 18.614 -1.438 -14.892 17.982 -3.489 -11.77 21.248
-2.097 -15.004 16.841 -2.035 -16.248 16.113 -0.573 -16.551 15.678 -4.399 -17.112 15.758
0.151 -15.51 15.287 1.556 -15.707 14.921 2.365 -16.208 16.147 2.306 -13.994 13.461
2.085 -15.615 17.291 2.76 -16.065 18.496 2.472 -17.556 18.735 2.543 -13.811 20.679
1.248 -18.01 18.514 0.965 -19.439 18.721 1.774 -20.31 17.775 -2.722 -19.146 19.318
1.908 -19.863 16.533 2.76 -20.631 15.598 4.261 -20.678 16.023 1.366 -20.325 13.476
4.736 -19.575 16.53 6.122 -19.519 16.9 6.372 -20.461 18.09 6.944 -17.161 16.223
5.438 -20.456 19.007 5.479 -21.415 20.115 5.471 -22.876 19.689 3.666 -19.456 22.761
4.699 -23.153 18.681 4.688 -24.478 18.124 6.056 -24.825 17.493 3.324 -26.657 17.259
6.669 -23.861 16.806 7.98 -24.13 16.257 8.97 -24.424 17.387 8.161 -21.906 13.838
8.876 -23.657 18.451 9.782 -23.834 19.589 9.601 -25.239 20.17 9.811 -21.92 21.02
8.373 -25.675 20.264 8.123 -26.999 20.824 8.798 -28.081 19.93 4.972 -28.099 21.253
8.667 -27.889 18.616 9.286 -28.809 17.673 10.817 -28.765 17.746 7.45 -28.926 15.882
11.345 -27.567 17.889 12.773 -27.435 18.005 13.271 -28.172 19.273 13.436 -25.172 16.896
12.513 -28.071 20.351 12.877 -28.823 21.534 12.832 -30.36 21.31 11.615 -26.438 24.202
11.87 -30.825 20.543 11.76 -32.222 20.212 12.968 -32.654 19.388 9.275 -34.071 18.953
13.388 -31.794 18.471 14.569 -32.121 17.688 15.836 -32.32 18.563 14.2 -30.272 14.971
15.988 -31.432 19.533 17.097 -31.496 20.473 17.02 -32.807 21.286 17.51 -29.394 21.486
15.823 -33.171 21.669 15.68 -34.437 22.413 16.164 -35.626 21.546 12.911 -36.324 24.124
15.791 -35.608 20.292 16.201 -36.637 19.365 17.702 -36.653 19.092 13.876 -36.995 17.433
18.283 -35.477 18.997 19.71 -35.404 18.818 20.444 -35.998 20.024 20.038 -33.366 17.294
19.899 -35.73 21.209 20.496 -36.322 22.404 20.401 -37.843 22.409 20.099 -33.448 24.724
19.298 -38.358 21.911 19.192 -39.783 21.741 20.248 -40.313 20.752 15.892 -40.375 21.586
20.437 -39.597 19.651 21.442 -40.01 18.696 22.827 -39.971 19.326 20.435 -39.368 16.418
23.053 -38.97 20.138 24.352 -38.861 20.782 24.601 -40.057 21.703 26.001 -36.594 22.374
23.549 -40.573 22.341 23.734 -41.777 23.161 24.138 -43.009 22.341 21.469 -41.268 26.145
23.732 -43.052 21.075 24.071 -44.179 20.211 25.519 -44.101 19.757 22.082 -44.713 18.518
