NEDIDQMFSTLLGEMDLLTQS
CHHHHHHHHHHHHHHHHHHCC
-5.354 -37.637 -28.364 -5.591 -36.324 -29.032 -4.327 -35.465 -29.017 -7.212 -34.421 -29.097
-3.69 -35.343 -30.181 -2.415 -34.629 -30.306 -2.558 -33.13 -30.058 -1.786 -34.881 -31.68
-3.705 -32.576 -30.44 -3.976 -31.155 -30.231 -4.074 -30.827 -28.744 -5.146 -30.906 -32.394
-4.77 -31.672 -27.988 -4.875 -31.468 -26.542 -3.521 -31.71 -25.86 -7.003 -32.176 -25.69
-2.784 -32.719 -26.317 -1.412 -32.931 -25.838 -0.559 -31.671 -26.008 -1.232 -35.39 -26.116
-0.622 -31.066 -27.194 0.109 -29.832 -27.483 -0.261 -28.72 -26.5 -0.162 -29.379 -28.923
-1.545 -28.631 -26.162 -2.026 -27.613 -25.228 -1.345 -27.732 -23.869 -5.056 -27.479 -25.32
-0.957 -28.953 -23.505 -0.349 -29.217 -22.2 1.151 -29.496 -22.27 -3.317 -29.661 -20.613
1.806 -29.003 -23.33 3.236 -29.263 -23.535 4.101 -28.661 -22.428 3.548 -28.117 -25.025
3.718 -27.483 -21.939 4.488 -26.843 -20.871 4.408 -27.662 -19.586 4.402 -24.921 -20.708
3.212 -28.144 -19.249 3.071 -29.045 -18.112 3.865 -30.337 -18.274 1.161 -29.93 -16.591
3.874 -30.898 -19.483 4.64 -32.112 -19.742 6.128 -31.882 -19.451 4.758 -33.985 -21.565
6.65 -30.733 -19.883 8.025 -30.329 -19.575 8.286 -30.237 -18.079 8.697 -30.141 -20.291
7.327 -29.68 -17.342 7.437 -29.628 -15.893 7.472 -31.033 -15.295 7.305 -27.169 -14.927
6.607 -31.915 -15.796 6.556 -33.308 -15.356 7.877 -34.019 -15.643 3.612 -34.38 -15.977
8.479 -33.73 -16.796 9.775 -34.322 -17.135 10.842 -33.95 -16.105 9.442 -34.456 -19.585
10.825 -32.702 -15.648 11.775 -32.26 -14.633 11.464 -32.827 -13.25 12.701 -29.958 -15.512
10.185 -32.839 -12.885 9.771 -33.359 -11.579 10.093 -34.842 -11.417 7.731 -31.803 -10.927
10.0 -35.587 -12.524 10.277 -37.026 -12.524 11.735 -37.342 -12.184 9.591 -37.484 -14.286
12.63 -36.376 -12.377 14.05 -36.596 -12.081 14.376 -36.688 -10.592 15.361 -34.544 -14.4
13.513 -36.124 -9.744 13.779 -36.099 -8.301 13.652 -37.469 -7.644 13.495 -35.529 -7.371
