PPRTHWDMLLERRSIEELEELLKERLELIRSR
CCCCHHHHHHHHCCHHHHHHHHHHHHHHHHCC
24.514 12.961 10.548 24.374 14.258 11.217 25.589 15.16 11.003 24.777 12.783 12.304
25.371 16.357 10.435 26.471 17.294 10.189 27.008 17.853 11.499 24.785 17.732 9.444
28.303 18.139 11.553 28.897 18.734 12.743 28.319 20.124 13.004 32.785 18.147 11.203
27.937 20.375 14.251 27.459 21.694 14.637 28.633 22.662 14.686 26.708 21.215 16.34
28.328 23.937 14.907 29.355 24.96 15.062 30.224 24.655 16.287 30.079 28.084 14.929
29.586 24.233 17.377 30.324 23.824 18.576 31.296 22.667 18.285 31.247 22.999 22.003
30.809 21.632 17.602 31.65 20.502 17.192 32.908 20.961 16.456 29.878 18.778 17.01
32.742 21.926 15.554 33.86 22.5 14.81 34.833 23.244 15.732 33.117 22.496 12.357
34.298 24.099 16.597 35.132 24.812 17.564 35.954 23.849 18.424 34.863 26.761 19.258
35.322 22.765 18.859 35.979 21.808 19.748 37.158 21.094 19.07 35.106 20.1 21.539
37.131 21.006 17.744 38.222 20.377 17.003 39.472 21.251 16.966 36.86 18.873 14.319
39.287 22.568 16.987 40.41 23.481 16.792 40.844 24.227 18.057 37.795 26.763 15.218
40.061 24.142 19.126 40.345 24.948 20.316 40.157 24.138 21.584 40.669 28.075 19.019
41.176 24.114 22.44 41.063 23.412 23.715 40.113 24.158 24.653 42.7 23.867 24.58
39.543 23.443 25.611 38.667 24.071 26.591 39.432 25.072 27.467 37.122 22.554 27.548
40.717 24.822 27.695 41.545 25.768 28.438 41.735 27.072 27.681 43.654 23.675 29.848
41.879 26.971 26.365 41.966 28.153 25.523 40.64 28.912 25.53 43.736 26.938 22.966
39.538 28.17 25.523 38.215 28.777 25.492 37.903 29.491 26.805 36.802 27.312 23.819
38.398 28.943 27.913 38.227 29.553 29.236 38.976 30.881 29.31 37.375 27.982 31.62
40.21 30.88 28.818 41.016 32.088 28.747 40.312 33.18 27.949 43.278 33.127 29.243
39.717 32.79 26.827 39.011 33.725 25.965 37.772 34.281 26.67 38.638 33.634 23.341
36.995 33.395 27.282 35.783 33.798 27.979 36.111 34.783 29.104 33.693 32.639 29.061
37.208 34.523 29.814 37.664 35.404 30.887 38.007 36.793 30.358 39.341 32.95 33.047
38.732 36.842 29.241 39.12 38.112 28.625 37.905 38.925 28.196 41.752 37.151 26.778
36.818 38.23 27.886 35.577 38.886 27.502 34.798 39.373 28.725 36.181 39.24 24.081
34.627 38.49 29.704 34.046 38.845 30.995 34.701 40.101 31.575 33.051 36.779 32.046
35.986 40.275 31.282 36.76 41.399 31.796 36.352 42.717 31.152 38.57 40.058 33.215
36.285 42.731 29.824 35.865 43.919 29.085 34.462 44.369 29.496 37.13 43.562 26.793
33.588 43.406 29.778 32.248 43.699 30.283 32.303 44.479 31.588 30.718 41.844 30.145
33.051 43.94 32.546 33.108 44.493 33.891 33.997 45.733 33.958 32.867 40.283 35.962
34.343 46.275 32.793 35.16 47.482 32.721 34.702 48.432 31.611 36.852 46.648 32.998
33.474 48.939 31.709 32.568 48.618 32.811 31.12 48.948 32.45 32.98 49.362 34.075
