SASDITQHLNDSGLGPAVECLENLVVGPVCPAAVVAPAV
CHHHHHHHHHHCCCHHHHHHHHHCCCCCCCCHHHHCCCC
35.218 -187.087 53.521 33.804 -186.831 53.767 33.613 -185.697 54.772 33.102 -188.599 53.758
34.673 -185.384 55.514 34.684 -184.234 56.414 35.696 -183.208 55.912 35.007 -184.666 57.833
36.744 -183.701 55.259 37.7 -182.845 54.568 37.04 -182.261 53.325 39.326 -183.332 53.677
36.165 -183.048 52.704 35.417 -182.611 51.53 34.504 -181.44 51.874 35.342 -184.564 50.015
33.833 -181.533 53.018 32.958 -180.467 53.497 33.767 -179.198 53.749 31.331 -181.199 55.095
34.917 -179.36 54.394 35.843 -178.258 54.63 36.252 -177.619 53.309 37.422 -178.453 55.769
36.649 -178.461 52.362 37.043 -177.995 51.042 35.886 -177.254 50.379 38.958 -178.105 49.325
34.673 -177.784 50.527 33.479 -177.134 49.996 33.297 -175.761 50.632 30.403 -177.076 49.354
33.476 -175.687 51.948 33.396 -174.411 52.652 34.421 -173.423 52.116 32.513 -174.936 55.076
35.667 -173.861 51.971 36.687 -172.992 51.394 36.35 -172.568 49.964 39.096 -172.829 50.876
35.83 -173.501 49.171 35.442 -173.21 47.793 34.263 -172.242 47.724 36.234 -175.361 46.864
33.449 -172.224 48.775 32.267 -171.366 48.823 32.585 -169.965 49.349 30.952 -172.614 49.402
33.837 -169.745 49.744 34.301 -168.427 50.142 34.522 -168.228 51.634 34.454 -167.72 49.451
34.535 -169.311 52.408 34.809 -169.211 53.843 36.149 -168.516 54.061 34.79 -170.853 55.944
36.141 -167.466 54.877 37.305 -166.615 55.033 38.285 -167.089 56.087 37.419 -165.793 54.476
39.439 -166.412 56.178 40.471 -166.73 57.171 40.08 -166.322 58.583 40.875 -165.338 55.97
40.531 -167.092 59.568 40.37 -166.714 60.965 41.331 -165.58 61.297 40.613 -167.903 61.873
40.799 -164.364 61.377 41.607 -163.188 61.677 41.199 -162.573 63.007 41.208 -162.149 60.074
42.186 -162.023 63.704 41.973 -161.393 64.999 41.78 -159.89 64.86 42.229 -161.43 67.654
42.283 -159.33 63.762 42.346 -157.883 63.595 42.123 -157.444 62.151 43.823 -156.477 63.988
41.389 -156.345 61.985 41.253 -155.686 60.688 41.839 -154.285 60.81 39.113 -156.763 59.626
42.479 -153.806 59.748 43.0 -152.442 59.713 42.136 -151.572 58.809 44.966 -150.745 60.141
41.585 -150.501 59.373 40.801 -149.545 58.603 41.431 -148.159 58.66 38.563 -148.521 58.432
41.556 -147.524 57.511 42.187 -146.217 57.401 41.469 -145.081 58.097 43.436 -146.676 55.192
40.18 -145.23 58.301 39.389 -144.172 58.924 39.405 -144.278 60.452 37.633 -143.769 58.167
39.286 -145.5 60.971 39.144 -145.723 62.411 40.308 -146.509 63.016 37.436 -146.687 62.361
41.283 -146.873 62.189 42.439 -147.614 62.66 42.172 -149.105 62.765 43.302 -147.159 62.882
42.948 -149.803 63.61 42.734 -151.237 63.821 41.477 -151.541 64.628 44.226 -150.482 64.686
40.8 -152.627 64.268 39.611 -153.067 64.978 39.679 -154.568 65.226 38.263 -152.415 63.725
39.187 -154.961 66.397 39.215 -156.343 66.853 37.893 -156.706 67.51 41.168 -156.385 67.524
37.571 -158.006 67.56 36.352 -158.402 68.268 36.542 -158.34 69.781 37.305 -159.783 67.435
35.563 -157.79 70.491 35.652 -157.651 71.94 35.517 -159.011 72.619 34.584 -156.695 72.444
34.767 -159.907 71.983 34.603 -161.275 72.462 34.949 -162.255 71.349 33.184 -161.503 72.954
35.338 -163.467 71.726 35.734 -164.475 70.751 34.583 -164.773 69.796 36.708 -166.036 71.416
34.856 -164.647 68.501 33.882 -164.978 67.469 33.764 -166.493 67.357 33.99 -164.003 65.768
32.565 -166.977 67.051 32.368 -168.4 66.807 33.315 -168.85 65.691 30.927 -168.683 66.44
34.26 -169.763 65.997 35.283 -170.142 65.01 34.737 -170.699 63.693 35.491 -170.863 66.736
33.526 -171.246 63.711 32.946 -171.834 62.507 32.549 -170.76 61.492 31.745 -172.688 62.865
32.374 -169.529 61.964 31.975 -168.421 61.099 33.097 -168.034 60.138 31.052 -166.912 61.936
