IQDLIDMGYGYDESDSFIDNS
CHHHHHCCCCCCCCCCCCCCC
11.695 24.0 3.637 10.479 23.311 4.058 9.236 23.954 3.437 9.734 22.877 5.845
9.298 25.262 3.208 8.171 25.981 2.63 8.015 25.634 1.152 6.392 27.791 3.031
9.136 25.393 0.481 9.111 24.988 -0.919 8.52 23.592 -1.061 11.02 26.368 -1.644
8.782 22.744 -0.073 8.254 21.386 -0.068 6.729 21.391 0.044 8.731 19.133 1.14
6.205 22.335 0.816 4.766 22.46 1.018 4.057 22.966 -0.241 4.356 23.4 3.185
4.708 23.872 -0.965 4.104 24.484 -2.145 4.464 23.759 -3.439 4.314 26.683 -1.041
5.215 22.669 -3.32 5.796 21.989 -4.479 4.766 21.475 -5.491 8.129 20.027 -4.294
3.632 20.984 -5.002 2.621 20.405 -5.867 1.626 21.388 -6.46 2.611 19.42 -6.039
1.623 22.616 -5.952 0.67 23.628 -6.4 1.018 24.194 -7.779 -0.272 23.971 -2.736
-0.008 24.575 -8.537 0.187 25.321 -9.769 0.042 24.56 -11.076 0.407 26.295 -9.721
-0.303 23.28 -11.0 -0.425 22.464 -12.206 -1.882 22.194 -12.566 3.186 21.494 -11.736
-2.112 21.788 -13.81 -3.457 21.478 -14.28 -3.869 20.074 -13.85 -4.854 21.345 -16.309
-4.642 19.99 -12.77 -5.051 18.703 -12.215 -6.206 18.085 -13.003 -4.8 19.33 -8.935
-6.731 18.842 -13.962 -7.748 18.336 -14.874 -7.163 17.261 -15.786 -8.716 19.226 -16.25
-5.853 17.334 -16.001 -5.141 16.361 -16.819 -5.278 14.961 -16.225 -2.979 16.062 -18.002
-5.62 13.994 -17.071 -5.737 12.604 -16.641 -4.362 12.023 -16.328 -6.095 11.8 -18.332
-3.323 12.714 -16.785 -1.947 12.323 -16.513 -1.626 12.465 -15.028 1.418 12.697 -16.946
-2.315 13.388 -14.365 -2.085 13.645 -12.948 -3.014 12.827 -12.053 -1.692 15.968 -12.466
-2.416 12.091 -11.119 -3.157 11.288 -10.153 -2.801 11.689 -8.724 -3.445 8.967 -9.346
-3.637 12.524 -8.116 -3.402 12.973 -6.748 -4.29 12.252 -5.734 -2.54 15.272 -7.218
-4.594 10.987 -6.011 -5.419 10.183 -5.115 -4.632 9.74 -3.886 -5.452 8.548 -6.089
