PKFGTHHKALQEIRNSLLPFA
CCCCHHHHHHHHHHHHCCCCC
11.911 -40.985 3.128 11.983 -39.745 2.336 12.307 -40.105 0.897 13.438 -40.084 3.471
11.384 -39.886 -0.034 11.538 -40.451 -1.378 12.655 -39.788 -2.173 8.022 -40.064 -1.238
13.062 -38.582 -1.786 14.172 -37.948 -2.483 15.497 -38.438 -1.932 13.956 -35.489 -0.046
15.441 -39.354 -0.968 16.657 -39.923 -0.411 17.324 -39.017 0.598 16.992 -40.824 -0.687
18.23 -38.157 0.132 18.967 -37.245 1.013 18.846 -35.803 0.531 20.753 -37.965 0.757
19.219 -34.859 1.389 19.287 -33.46 0.965 20.339 -33.256 -0.12 17.84 -32.264 3.54
21.423 -34.021 -0.041 22.539 -33.936 -0.986 22.025 -34.298 -2.393 25.297 -35.207 -1.964
21.149 -35.306 -2.454 20.512 -35.717 -3.699 19.458 -34.712 -4.131 20.602 -39.588 -3.466
18.62 -34.296 -3.193 17.529 -33.386 -3.521 17.998 -32.073 -4.117 16.701 -33.106 -2.275
19.091 -31.529 -3.593 19.581 -30.251 -4.079 20.004 -30.37 -5.532 20.539 -29.079 -1.977
20.577 -31.512 -5.889 21.005 -31.727 -7.264 19.822 -31.955 -8.205 23.748 -33.515 -6.807
18.827 -32.698 -7.734 17.582 -32.904 -8.478 16.935 -31.549 -8.727 14.866 -34.738 -7.581
16.909 -30.702 -7.707 16.28 -29.402 -7.855 17.052 -28.518 -8.809 15.488 -28.608 -5.737
18.371 -28.512 -8.694 19.199 -27.695 -9.579 19.087 -28.105 -11.051 23.365 -27.449 -10.719
19.112 -29.407 -11.315 19.068 -29.862 -12.711 17.676 -29.709 -13.349 20.988 -31.452 -12.698
16.615 -29.834 -12.562 15.28 -29.641 -13.124 15.013 -28.168 -13.391 14.21 -29.828 -11.586
15.774 -27.279 -12.75 15.591 -25.841 -12.974 16.529 -25.332 -14.037 14.865 -24.774 -10.652
17.603 -26.077 -14.279 18.679 -25.657 -15.177 18.174 -25.211 -16.585 21.098 -26.569 -15.622
17.16 -25.897 -17.153 16.682 -25.406 -18.463 16.162 -23.966 -18.515 16.048 -27.099 -17.932
16.023 -23.274 -17.381 15.604 -21.863 -17.405 16.79 -20.963 -17.027 12.585 -23.305 -16.995
16.84 -19.747 -17.572 18.019 -18.893 -17.402 17.701 -17.408 -17.585 19.118 -19.317 -18.372
