CDAEGLRPLFEKKSLEDKTERELLESYI
CCCCCCHHHHCCCCCCCHHHHHHHHHHC
81.472 16.219 19.643 81.41 14.783 19.75 80.211 14.332 20.568 82.862 14.448 21.234
82.078 18.823 19.026 80.7 18.392 18.856 80.498 16.874 19.044 78.91 18.959 17.312
84.843 18.997 19.395 83.953 19.858 20.176 82.503 19.376 20.152 84.034 21.304 19.664
86.393 15.682 19.154 85.932 16.971 18.665 84.94 17.682 19.593 85.336 16.831 17.256
79.71 13.141 20.234 78.757 12.481 21.093 77.342 13.023 21.078 79.054 11.709 21.655
77.061 13.944 20.153 75.734 14.54 19.992 75.206 14.113 18.624 75.986 16.749 21.352
74.16 13.302 18.605 73.723 12.677 17.345 72.804 13.615 16.568 72.074 9.412 19.512
73.05 13.805 15.277 72.18 14.65 14.46 70.699 14.304 14.559 73.708 13.989 13.607
70.347 13.023 14.605 68.936 12.638 14.584 68.304 12.503 15.958 68.742 11.469 12.278
69.089 12.757 17.014 68.609 12.605 18.395 68.916 13.864 19.183 68.019 9.377 17.818
70.069 13.938 19.833 70.366 15.086 20.689 70.245 16.415 19.958 71.915 13.049 21.775
70.721 16.485 18.721 70.699 17.766 18.007 69.313 18.264 17.724 73.78 18.536 17.266
68.326 17.39 17.724 66.9 17.692 17.517 66.069 17.58 18.78 66.315 16.098 14.145
66.718 17.317 19.913 66.005 17.01 21.156 64.984 15.87 21.008 65.336 18.144 22.508
65.393 14.815 20.314 64.627 13.575 20.236 65.394 12.498 20.983 63.384 13.697 17.96
64.654 11.688 21.723 65.256 10.571 22.445 65.044 9.268 21.727 64.79 11.301 25.653
66.05 8.405 21.788 65.903 7.083 21.217 65.108 6.179 22.166 68.111 6.008 21.822
64.717 5.008 21.682 63.72 4.215 22.38 64.198 3.604 23.696 61.806 2.848 19.394
65.511 3.485 23.909 65.99 2.832 25.116 67.05 3.618 25.921 66.588 1.159 24.361
67.369 4.856 25.542 68.372 5.597 26.298 67.909 5.857 27.727 68.267 8.632 24.93
66.61 5.925 27.967 66.138 6.121 29.317 66.55 4.968 30.235 62.921 8.196 30.124
66.659 3.746 29.709 67.106 2.615 30.51 68.515 2.887 31.055 67.57 -0.581 29.56
69.372 3.503 30.251 70.713 3.839 30.697 70.613 4.864 31.824 71.99 3.496 28.47
69.887 5.949 31.585 69.771 7.021 32.571 69.276 6.484 33.913 68.718 9.41 32.692
68.262 5.62 33.883 67.687 5.082 35.114 68.694 4.246 35.902 64.615 4.443 34.03
69.714 3.701 35.246 70.727 2.908 35.936 71.79 3.765 36.621 71.874 2.252 34.544
71.829 5.058 36.309 72.913 5.926 36.791 72.433 6.517 38.125 74.098 6.039 33.138
72.483 5.689 39.175 71.852 5.951 40.466 72.854 6.309 41.547 71.252 3.727 41.22
