DIIRNIARHLAQVGDSMDRSIPPGLVNGL
CHHHHHHHHHHHHHHHCCCCCCCCCCCCC
-15.041 0.592 21.866 -16.031 0.098 20.923 -15.972 -1.426 20.868 -17.03 0.945 18.825
-16.502 -1.996 19.791 -16.497 -3.441 19.593 -15.071 -3.991 19.557 -17.154 -4.474 17.51
-14.185 -3.268 18.871 -12.802 -3.706 18.703 -12.19 -3.943 20.079 -11.766 -2.272 17.06
-12.402 -2.986 20.985 -11.935 -3.106 22.367 -12.502 -4.355 23.017 -11.974 1.457 22.838
-13.793 -4.612 22.81 -14.431 -5.802 23.389 -13.78 -7.096 22.902 -16.701 -4.8 23.71
-13.556 -7.184 21.597 -12.92 -8.351 21.012 -11.524 -8.535 21.598 -13.389 -8.432 18.653
-10.763 -7.45 21.666 -9.389 -7.544 22.149 -9.398 -8.056 23.577 -8.686 -6.206 22.071
-10.328 -7.54 24.385 -10.479 -8.008 25.759 -10.827 -9.495 25.801 -12.644 -4.595 27.214
-11.643 -9.926 24.845 -12.051 -11.328 24.719 -10.821 -12.185 24.41 -14.346 -13.297 23.782
-9.987 -11.716 23.481 -8.754 -12.418 23.142 -7.83 -12.617 24.351 -8.324 -11.762 20.64
-7.705 -11.597 25.194 -6.853 -11.705 26.384 -7.439 -12.689 27.39 -6.672 -10.334 27.043
-8.762 -12.684 27.533 -9.424 -13.627 28.454 -9.228 -15.073 28.0 -11.484 -11.901 29.836
-9.413 -15.33 26.707 -9.185 -16.667 26.121 -7.727 -17.078 26.276 -9.878 -17.092 24.311
-6.834 -16.138 25.978 -5.41 -16.369 26.097 -4.995 -16.722 27.513 -4.798 -16.295 25.31
-5.472 -15.945 28.488 -5.104 -16.184 29.879 -5.648 -17.523 30.363 -4.976 -13.81 30.523
-6.867 -17.864 29.956 -7.418 -19.151 30.365 -6.617 -20.292 29.728 -9.003 -19.184 29.31
-6.152 -20.137 28.487 -5.308 -21.192 27.922 -3.988 -21.311 28.693 -3.83 -21.863 25.097
-3.406 -20.178 29.055 -2.192 -20.162 29.862 -2.379 -20.898 31.172 -1.264 -18.052 29.042
-3.527 -20.688 31.8 -3.75 -21.275 33.122 -4.013 -22.778 33.031 -6.249 -18.057 34.079
-4.364 -23.253 31.839 -4.635 -24.681 31.656 -3.354 -25.493 31.457 -5.228 -24.737 29.862
-2.261 -24.814 31.136 -0.955 -25.447 31.037 -0.419 -25.635 32.449 0.289 -24.439 29.263
-0.012 -26.876 32.798 0.564 -27.104 34.124 1.709 -26.138 34.418 0.404 -28.617 33.026
1.699 -25.496 35.598 2.76 -24.524 35.9 4.173 -25.107 35.75 1.376 -24.663 37.165
5.137 -24.264 35.381 6.526 -24.683 35.255 6.97 -25.164 33.876 7.128 -24.644 36.053
6.034 -25.669 33.076 6.367 -26.315 31.811 6.789 -25.321 30.726 4.925 -28.493 31.666
6.333 -24.086 30.879 6.689 -22.996 29.962 7.212 -21.841 30.813 5.445 -22.506 28.547
8.47 -21.461 30.617 9.022 -20.352 31.39 8.205 -19.105 31.133 11.358 -21.163 31.428
7.919 -18.355 32.189 7.202 -17.1 32.055 5.725 -17.244 32.354 7.663 -16.252 31.793
5.207 -18.457 32.193 3.826 -18.754 32.551 3.757 -19.185 34.012 2.692 -19.58 30.321
