LRAREAKRKATLRMLRESLARVGPNVVRLRDD
CCHHHHHHHHHHHHHHHHHHHHCCCCEECCCC
28.939 73.126 -17.894 27.627 72.5 -17.776 27.213 72.362 -16.313 27.644 70.946 -19.898
28.155 71.939 -15.474 27.903 71.759 -14.047 28.923 72.523 -13.208 26.235 67.365 -13.997
28.695 73.824 -13.063 29.563 74.679 -12.262 29.145 74.662 -10.794 29.543 76.102 -12.8
28.09 73.915 -10.485 27.592 73.833 -9.118 28.58 73.104 -8.215 23.365 73.446 -10.44
29.383 72.222 -8.802 30.369 71.473 -8.034 31.462 72.404 -7.526 31.108 69.048 -7.407
31.906 73.312 -8.39 32.896 74.312 -8.01 32.332 75.231 -6.932 33.331 75.12 -9.222
31.023 75.457 -6.985 30.346 76.288 -5.998 30.268 75.558 -4.66 27.21 78.466 -6.145
29.954 74.267 -4.706 29.951 73.44 -3.503 31.339 73.406 -2.879 27.779 70.129 -2.995
32.338 73.124 -3.709 33.718 73.011 -3.255 34.19 74.305 -2.598 36.934 71.682 -4.868
33.865 75.433 -3.22 34.248 76.739 -2.693 33.522 77.045 -1.386 33.964 77.824 -3.72
32.225 76.754 -1.354 31.403 76.991 -0.17 31.94 76.246 1.048 29.481 76.892 -0.4
32.277 74.975 0.857 32.764 74.145 1.95 34.181 74.554 2.344 31.451 71.915 1.546
34.975 74.967 1.361 36.286 75.541 1.64 36.14 76.759 2.549 39.035 74.569 -1.793
35.1 77.551 2.306 34.862 78.762 3.082 34.386 78.444 4.496 33.893 80.835 0.679
33.638 77.354 4.643 33.197 76.907 5.959 34.409 76.547 6.809 31.548 75.09 6.953
35.316 75.773 6.218 36.555 75.37 6.876 37.349 76.594 7.332 40.334 74.41 7.301
37.699 77.463 6.389 38.473 78.661 6.708 37.741 79.526 7.728 40.49 78.578 5.1
36.417 79.559 7.633 35.61 80.322 8.574 35.673 79.712 9.972 33.754 80.704 8.584
35.563 78.389 10.045 35.671 77.681 11.318 37.073 77.824 11.903 33.965 75.67 11.16
38.069 77.918 11.029 39.451 78.092 11.459 39.672 79.461 12.108 40.393 77.909 10.282
39.018 80.491 11.575 39.163 81.845 12.107 38.634 81.945 13.533 37.542 83.717 8.821
37.459 81.37 13.765 36.854 81.371 15.091 37.689 80.526 16.048 34.915 81.113 15.187
38.392 79.543 15.494 39.179 78.619 16.288 38.355 77.394 16.621 40.125 78.796 16.559
38.977 76.395 17.263 38.263 75.172 17.646 37.013 75.46 18.476 40.11 75.204 18.007
35.848 75.192 17.896 34.583 75.374 18.593 34.418 74.314 19.678 32.13 75.632 18.183
35.073 74.537 20.816 35.062 73.585 21.923 34.285 74.134 23.118 36.768 72.723 22.322
33.229 73.422 23.503 32.382 73.811 24.627 32.445 72.758 25.725 30.595 74.481 24.205
33.228 73.028 26.765 33.39 72.079 27.861 32.533 72.461 29.065 37.486 70.834 26.764
32.209 71.469 29.889 31.352 71.672 31.055 32.155 71.725 32.35 29.099 70.524 30.333
31.813 72.679 33.21 32.39 72.76 34.547 31.497 72.047 35.559 33.367 76.385 32.495
32.038 71.796 36.746 31.277 71.171 37.822 30.149 72.088 38.292 33.124 69.771 38.663
30.485 73.354 38.526 29.507 74.35 38.953 29.886 75.733 38.436 28.892 73.149 41.022
