DIQFVSEGPLRPVLEYIDLVS
CCCCCCCCCCCCHHHHHCCCC
-45.378 21.617 17.106 -44.9 22.011 18.426 -43.929 20.967 18.972 -45.716 22.927 20.575
-42.867 21.436 19.62 -41.868 20.55 20.207 -41.979 20.603 21.723 -39.84 20.992 19.005
-41.645 19.497 22.377 -41.564 19.471 23.83 -40.462 18.529 24.293 -44.517 19.736 25.38
-39.574 19.053 25.13 -38.503 18.262 25.712 -39.09 17.222 26.658 -35.51 17.986 27.297
-38.495 16.033 26.674 -38.973 14.951 27.527 -37.906 14.592 28.558 -39.895 13.482 26.634
-36.745 14.146 28.087 -35.67 13.739 28.987 -34.33 13.626 28.267 -36.027 11.88 29.162
-33.249 13.77 29.028 -31.902 13.563 28.509 -31.102 12.679 29.461 -29.512 15.778 27.725
-30.69 11.507 28.981 -29.934 10.573 29.797 -28.822 9.862 29.046 -30.153 10.436 30.763
-28.091 8.981 29.742 -27.001 8.228 29.112 -27.481 7.311 27.994 -27.164 8.064 30.988
-26.672 7.192 26.95 -26.974 6.308 25.832 -26.727 4.862 26.259 -26.69 6.758 23.29
-25.702 4.674 27.085 -25.385 3.372 27.66 -25.324 3.486 29.179 -21.759 2.488 25.471
-26.493 3.504 29.836 -26.527 3.608 31.298 -26.018 2.357 31.995 -28.19 3.449 30.444
-25.534 2.518 33.221 -25.185 1.377 34.046 -26.474 0.651 34.404 -23.881 1.658 35.463
-26.581 -0.603 33.983 -27.788 -1.386 34.205 -27.825 -1.962 35.615 -28.255 -2.3 31.787
-26.665 -2.375 36.111 -26.583 -3.009 37.416 -25.202 -2.812 38.03 -27.206 -6.2 38.233
-25.167 -2.722 39.357 -23.92 -2.582 40.105 -23.63 -3.862 40.882 -24.448 1.158 39.779
-22.397 -4.349 40.784 -22.005 -5.57 41.471 -20.762 -5.3 42.316 -22.26 -7.442 40.007
-20.771 -5.809 43.544 -19.696 -5.56 44.496 -18.818 -6.8 44.637 -19.261 -4.715 46.79
-17.558 -6.679 44.227 -16.61 -7.789 44.287 -15.638 -7.634 45.452 -16.53 -8.3 41.764
-15.926 -6.681 46.33 -15.091 -6.423 47.495 -15.62 -7.218 48.686 -14.575 -4.58 47.932
-15.043 -8.396 48.902 -15.428 -9.259 50.014 -14.475 -10.446 50.093 -16.896 -10.316 49.424
