FVNQHLCGSHLVEALYLVCGERGFFYTPKT
CCCCCCCHHHHHHHHHHHHCCCCCEECCCC
-21.703 1.132 3.507 -20.263 1.256 3.871 -20.09 1.071 5.37 -19.854 3.0 0.972
-18.958 0.689 5.799 -18.594 0.44 7.173 -17.764 1.591 7.665 -17.739 -1.316 6.977
-17.745 1.766 9.0 -16.862 2.739 9.611 -15.419 2.207 9.584 -18.541 3.791 11.016
-14.5 3.12 9.73 -13.099 3.02 9.461 -12.219 3.401 10.627 -13.236 3.068 6.767
-11.112 2.646 10.819 -10.049 2.992 11.739 -8.806 3.148 10.885 -8.388 2.288 14.355
-8.371 4.374 10.635 -7.359 4.694 9.643 -6.292 5.602 10.23 -8.833 4.701 7.442
-5.046 5.16 10.266 -3.909 5.909 10.73 -2.918 6.079 9.574 -3.76 5.208 12.67
-2.13 7.133 9.669 -0.995 7.237 8.761 -1.408 7.248 7.304 -0.054 7.294 9.095
-0.622 6.58 6.512 -0.842 6.536 5.092 -2.13 5.843 4.754 0.428 5.198 4.622
-2.677 5.004 5.618 -3.955 4.351 5.291 -5.066 5.378 5.148 -2.746 1.727 6.453
-5.004 6.48 5.87 -6.058 7.494 5.695 -5.949 8.135 4.308 -7.036 9.515 6.888
-4.721 8.341 3.866 -4.492 8.895 2.539 -5.056 8.0 1.444 -2.736 9.645 2.179
-4.804 6.712 1.524 -5.359 5.717 0.626 -6.885 5.824 0.583 -3.465 3.942 -0.276
-7.521 5.949 1.753 -8.978 6.036 1.803 -9.499 7.304 1.151 -9.458 5.921 3.258
-8.871 8.431 1.408 -9.25 9.674 0.765 -9.131 9.546 -0.747 -8.729 11.635 2.459
-8.051 8.932 -1.211 -7.859 8.732 -2.659 -9.013 7.995 -3.246 -6.154 7.461 -5.673
-9.42 6.916 -2.611 -10.528 6.113 -3.138 -11.861 6.814 -3.065 -9.776 3.673 -2.772
-12.157 7.453 -1.947 -13.43 8.178 -1.81 -13.544 9.286 -2.822 -14.019 8.65 -0.006
-12.489 10.058 -2.999 -12.575 11.284 -3.741 -12.361 11.123 -5.235 -11.817 12.544 -2.336
-11.586 10.139 -5.62 -11.365 9.924 -7.029 -10.775 11.165 -7.675 -11.584 9.06 -7.482
-11.341 11.424 -8.873 -10.887 12.541 -9.69 -11.153 13.909 -9.059 -13.052 12.853 -12.212
-11.946 13.988 -8.054 -12.167 15.238 -7.365 -10.868 15.634 -6.676 -15.663 13.719 -5.106
-10.01 14.706 -6.288 -8.891 14.966 -5.423 -9.343 15.371 -4.035 -7.946 14.879 -5.738
-8.386 15.733 -3.198 -8.658 15.947 -1.791 -7.543 16.766 -1.173 -6.805 13.166 -1.064
-7.823 17.226 0.055 -6.902 17.88 0.948 -6.61 16.964 2.155 -6.837 21.146 -0.111
-5.344 16.8 2.498 -4.902 16.087 3.673 -4.366 17.084 4.647 -2.738 13.691 5.571
-5.047 17.274 5.786 -4.721 18.362 6.706 -4.611 17.873 8.165 -5.662 20.024 6.475
-3.52 17.264 8.558 -3.334 16.855 9.951 -3.2 18.08 10.848 -1.964 16.412 8.774
-3.518 17.844 12.117 -3.155 18.764 13.167 -1.656 18.861 13.311 -4.765 19.025 16.126
-1.169 20.028 13.646 0.272 20.212 13.863 0.508 20.541 15.32 0.225 21.382 13.391
