PEITLIIFGVIAGVIGTILLISYGIRRL
CCCHHHHHHHHHHHHHHHHHHHHHHHCC
26.002 6.928 -18.824 24.968 6.21 -18.07 25.401 5.954 -16.631 25.888 5.214 -19.373
26.651 5.547 -16.47 27.199 5.342 -15.151 27.567 6.686 -14.541 30.101 3.963 -16.121
27.238 7.766 -15.25 27.532 9.124 -14.797 26.893 9.424 -13.447 27.167 10.882 -15.569
25.665 8.948 -13.292 24.932 9.005 -12.039 25.719 8.304 -10.935 23.295 8.133 -12.658
26.123 7.069 -11.215 26.853 6.255 -10.261 28.206 6.852 -9.911 26.05 3.838 -10.538
28.895 7.392 -10.905 30.199 7.987 -10.648 30.078 9.202 -9.725 31.542 8.031 -12.612
29.127 10.081 -10.014 28.965 11.285 -9.221 28.53 10.901 -7.817 27.905 12.984 -10.514
27.644 9.923 -7.722 27.223 9.413 -6.424 28.424 8.921 -5.639 25.93 6.895 -4.522
29.267 8.143 -6.306 30.397 7.527 -5.649 31.372 8.545 -5.111 30.491 6.534 -5.577
31.591 9.601 -5.877 32.536 10.628 -5.468 32.013 11.384 -4.245 33.349 11.74 -6.828
30.763 11.834 -4.294 30.179 12.589 -3.19 30.108 11.708 -1.94 28.276 13.951 -3.89
29.615 10.479 -2.093 29.518 9.568 -0.954 30.904 9.253 -0.397 28.785 8.28 -1.339
31.866 9.017 -1.287 33.24 8.762 -0.875 33.832 9.924 -0.086 33.711 7.909 -1.102
33.648 11.136 -0.584 34.146 12.312 0.104 33.478 12.454 1.478 34.295 13.998 -0.853
32.154 12.329 1.52 31.434 12.529 2.766 31.759 11.396 3.733 29.17 13.234 2.365
31.759 10.176 3.214 32.067 9.016 4.018 33.429 9.138 4.676 31.434 8.247 4.106
34.433 9.509 3.889 35.804 9.618 4.4 35.93 10.647 5.525 37.251 9.704 3.138
35.341 11.822 5.302 35.267 12.888 6.299 34.589 12.416 7.594 34.648 14.983 5.322
33.448 11.74 7.46 32.719 11.27 8.622 33.496 10.176 9.35 30.185 11.622 8.055
34.249 9.376 8.604 35.074 8.327 9.215 36.266 8.919 9.981 35.662 5.93 8.33
36.861 9.967 9.434 37.923 10.669 10.141 37.387 11.282 11.438 39.296 11.895 8.616
36.265 11.984 11.32 35.596 12.619 12.448 35.332 11.605 13.56 33.951 13.604 12.482
34.755 10.473 13.174 34.474 9.408 14.121 35.794 8.928 14.72 33.28 5.943 15.081
36.775 8.688 13.859 38.087 8.26 14.302 38.758 9.167 15.325 38.49 7.421 13.937
38.646 10.484 15.172 39.352 11.367 16.102 38.577 11.567 17.405 39.296 13.34 14.735
37.255 11.416 17.35 36.445 11.402 18.559 36.929 10.279 19.462 34.965 11.213 18.224
37.055 9.096 18.87 37.355 7.874 19.604 38.833 7.466 19.569 36.497 6.726 19.058
39.734 8.442 19.49 41.164 8.149 19.561 41.95 9.379 19.988 41.686 7.629 18.218
