ELKAIAQEFKAIAKEFKAIAWEFKAIAQ
CHHHHHHHHHHHHHHHHHHHHHHHHHHC
-16.305 -23.998 16.685 -14.87 -24.053 16.94 -14.102 -23.034 16.107 -14.097 -27.299 17.267
-13.43 -22.104 16.788 -12.535 -21.189 16.09 -11.416 -21.943 15.384 -12.604 -18.914 17.417
-10.995 -23.088 15.928 -9.991 -23.895 15.243 -10.491 -24.334 13.873 -8.085 -27.13 16.016
-11.767 -24.718 13.782 -12.34 -25.085 12.49 -12.449 -23.873 11.576 -13.71 -25.732 12.69
-12.86 -22.73 12.127 -12.958 -21.51 11.332 -11.598 -21.146 10.75 -14.388 -19.967 12.443
-10.544 -21.225 11.566 -9.205 -20.925 11.07 -8.829 -21.853 9.921 -8.189 -21.036 12.206
-9.101 -23.15 10.077 -8.763 -24.11 9.031 -9.565 -23.844 7.765 -7.319 -26.343 8.885
-10.818 -23.412 7.916 -11.655 -23.162 6.749 -11.188 -21.924 5.992 -14.338 -24.124 8.311
-10.746 -20.889 6.711 -10.178 -19.726 6.039 -8.855 -20.062 5.361 -12.046 -17.243 7.426
-8.061 -20.962 5.946 -6.839 -21.398 5.277 -7.16 -22.065 3.946 -4.479 -23.951 6.364
-8.187 -22.918 3.921 -8.603 -23.545 2.671 -9.109 -22.509 1.677 -9.682 -24.593 2.946
-9.886 -21.532 2.154 -10.401 -20.485 1.278 -9.251 -19.706 0.653 -12.303 -19.441 2.265
-8.232 -19.382 1.452 -7.07 -18.682 0.915 -6.413 -19.489 -0.197 -6.068 -18.396 2.034
-6.294 -20.806 -0.003 -5.694 -21.663 -1.019 -6.514 -21.654 -2.303 -4.923 -25.195 -1.44
-7.843 -21.709 -2.182 -8.694 -21.732 -3.368 -8.643 -20.405 -4.114 -9.98 -24.024 -3.195
-8.634 -19.286 -3.385 -8.518 -17.991 -4.047 -7.149 -17.814 -4.687 -11.202 -16.296 -2.834
-6.102 -18.4 -4.101 -4.797 -18.37 -4.752 -4.853 -19.074 -6.101 -1.223 -19.2 -3.678
-5.581 -20.19 -6.174 -5.731 -20.905 -7.436 -6.592 -20.12 -8.416 -6.334 -22.287 -7.182
-7.684 -19.527 -7.929 -8.535 -18.699 -8.783 -7.724 -17.554 -9.374 -10.678 -18.402 -7.788
-6.927 -16.882 -8.54 -6.094 -15.795 -9.043 -5.154 -16.289 -10.133 -5.305 -15.165 -7.897
-4.579 -17.478 -9.947 -3.671 -18.032 -10.942 -4.389 -18.296 -12.261 -0.674 -19.855 -12.152
-5.591 -18.873 -12.199 -6.319 -19.198 -13.422 -6.744 -17.938 -14.168 -6.725 -21.844 -13.32
-7.248 -16.929 -13.45 -7.611 -15.677 -14.108 -6.383 -14.967 -14.66 -10.807 -15.199 -13.029
-5.252 -15.054 -13.96 -4.011 -14.51 -14.497 -3.668 -15.153 -15.835 -0.583 -13.795 -13.072
-3.852 -16.471 -15.942 -3.555 -17.166 -17.189 -4.547 -16.79 -18.282 -3.56 -18.676 -16.959
-5.836 -16.709 -17.944 -6.838 -16.293 -18.923 -6.541 -14.882 -19.417 -9.007 -17.029 -18.217
-6.212 -13.971 -18.498 -5.928 -12.594 -18.889 -4.713 -12.521 -19.803 -5.713 -11.731 -17.646
-3.66 -13.262 -19.476 -2.445 -13.275 -20.282 -2.707 -13.866 -21.666 0.192 -12.989 -20.196
