SSDNMQHAYWELKREMSNLHLVTQVQAELLRKLKTS
CCHHHHHHHHHHHHHHHHHHHHHHHHHHHHHHHCCC
47.013 43.152 -5.68 45.885 43.405 -6.571 44.644 43.819 -5.789 44.957 42.218 -7.74
43.476 43.494 -6.336 42.219 43.678 -5.625 42.176 42.692 -4.465 40.964 42.74 -6.713
42.867 41.567 -4.638 42.914 40.522 -3.621 43.65 40.998 -2.37 44.994 39.239 -4.066
44.771 41.689 -2.564 45.584 42.141 -1.44 44.875 43.187 -0.591 47.914 41.604 -2.138
43.964 43.935 -1.206 43.117 44.847 -0.45 42.151 44.054 0.427 41.77 47.427 -1.46
41.564 42.994 -0.133 40.674 42.128 0.648 41.407 41.491 1.819 38.003 41.065 0.123
42.671 41.148 1.611 43.465 40.56 2.677 43.77 41.59 3.771 44.325 38.308 0.662
44.114 42.814 3.376 44.399 43.862 4.36 43.142 44.171 5.159 44.914 45.113 3.673
42.011 44.176 4.47 40.726 44.423 5.108 40.398 43.325 6.12 36.931 44.693 4.993
40.588 42.073 5.727 40.333 40.947 6.612 41.194 41.036 7.867 39.244 37.422 7.336
42.476 41.337 7.676 43.395 41.422 8.806 43.031 42.559 9.747 45.083 40.924 7.937
42.54 43.655 9.179 42.08 44.786 9.978 40.857 44.421 10.829 41.635 47.297 9.545
39.884 43.743 10.223 38.72 43.255 10.963 39.16 42.288 12.063 36.359 42.201 8.44
40.133 41.439 11.739 40.642 40.449 12.684 41.243 41.143 13.912 43.913 38.464 11.963
41.988 42.219 13.679 42.607 42.957 14.775 41.565 43.684 15.615 44.964 43.475 15.661
40.492 44.164 14.987 39.39 44.777 15.729 38.794 43.803 16.745 37.588 46.7 16.026
38.686 42.532 16.372 38.194 41.505 17.289 39.127 41.376 18.492 37.543 40.214 16.066
40.441 41.493 18.246 41.398 41.456 19.359 41.235 42.655 20.272 43.235 40.252 18.22
40.908 43.801 19.689 40.681 45.022 20.456 39.408 44.906 21.301 40.706 47.588 19.978
38.326 44.391 20.717 37.106 44.13 21.48 37.429 43.214 22.65 34.852 44.868 19.391
38.227 42.178 22.392 38.509 41.199 23.439 39.317 41.777 24.597 39.207 38.734 23.626
40.391 42.498 24.299 41.213 43.032 25.384 40.424 44.049 26.21 42.818 44.098 25.022
39.492 44.744 25.562 38.611 45.685 26.249 37.618 44.948 27.146 37.886 47.128 25.191
37.111 43.818 26.675 36.206 43.036 27.508 36.934 42.381 28.669 33.858 43.298 26.913
38.189 41.989 28.453 39.014 41.484 29.554 39.194 42.586 30.605 40.63 40.439 29.137
39.464 43.808 30.158 39.618 44.918 31.097 38.339 45.184 31.895 40.874 47.975 30.678
37.184 45.108 31.237 35.895 45.276 31.918 35.714 44.217 32.996 34.745 45.204 30.906
36.028 42.978 32.653 35.902 41.868 33.588 36.857 42.06 34.76 35.833 38.882 33.768
38.069 42.496 34.447 39.101 42.68 35.46 38.678 43.726 36.486 41.705 42.842 35.266
38.128 44.842 36.017 37.61 45.862 36.927 36.541 45.3 37.858 37.934 48.097 35.652
35.743 44.368 37.343 34.696 43.736 38.139 35.273 42.822 39.212 32.498 42.418 34.791
36.489 42.334 38.982 37.094 41.317 39.84 38.155 41.842 40.804 35.736 38.717 38.466
38.46 43.131 40.732 39.472 43.707 41.608 39.019 43.695 43.059 40.741 45.428 40.144
39.986 43.544 43.955 39.74 43.76 45.373 39.147 45.145 45.603 42.81 41.924 46.698
38.351 45.271 46.657 37.841 46.571 47.058 38.175 46.787 48.518 35.972 46.276 46.661
38.073 48.031 48.969 38.284 48.345 50.374 37.649 49.685 50.709 40.119 48.886 50.397
