WDSSYMQQVSEGLMTGKVPIDQVFGA
CCHHHHHHHHHHHHCCCCCHHHCCCC
28.217 -13.604 5.262 28.021 -14.164 6.581 26.543 -14.171 6.886 28.038 -14.553 10.317
26.032 -15.314 7.323 24.639 -15.376 7.592 24.291 -16.574 8.347 22.585 -15.034 6.249
23.031 -16.616 8.709 22.405 -17.783 9.232 22.833 -18.245 10.56 23.236 -19.168 8.242
23.886 -17.665 11.09 24.367 -18.087 12.366 24.411 -19.619 12.479 23.65 -16.7 13.474
24.458 -20.294 11.341 24.8 -21.698 11.284 26.318 -21.767 10.984 25.398 -23.512 7.966
26.95 -20.597 10.78 28.42 -20.442 10.743 29.104 -20.995 12.007 28.941 -18.84 8.938
28.55 -20.648 13.17 28.88 -21.301 14.43 28.951 -22.841 14.323 27.663 -19.785 17.179
28.033 -23.467 13.579 28.099 -24.93 13.409 29.337 -25.318 12.587 26.3 -27.204 13.878
29.636 -24.519 11.559 30.805 -24.683 10.688 32.122 -24.458 11.45 30.793 -23.885 8.872
32.285 -23.259 11.999 33.453 -22.866 12.782 33.835 -23.829 13.892 32.706 -21.687 14.014
32.836 -24.315 14.616 33.041 -25.326 15.635 33.425 -26.667 15.013 30.932 -26.554 17.979
32.826 -26.993 13.877 33.209 -28.207 13.179 34.654 -28.184 12.689 32.563 -28.96 13.052
35.118 -27.027 12.212 36.53 -26.856 11.854 37.441 -27.102 13.062 36.607 -25.087 9.865
36.93 -26.789 14.248 37.661 -26.936 15.492 37.661 -28.289 16.139 37.456 -24.294 17.176
36.713 -29.124 15.788 36.638 -30.442 16.331 36.83 -31.424 15.241 34.841 -30.324 17.091
37.447 -30.994 14.134 37.722 -31.907 13.024 36.502 -32.579 12.409 38.66 -32.058 12.713
35.373 -31.867 12.346 34.166 -32.331 11.623 34.18 -31.865 10.182 31.853 -33.485 13.851
34.616 -30.631 9.981 34.754 -29.997 8.71 36.246 -30.07 8.458 33.942 -28.229 8.491
36.663 -30.733 7.361 38.045 -30.661 6.949 38.511 -29.243 6.721 37.012 -31.933 6.056
39.68 -28.962 7.253 40.255 -27.631 7.257 40.652 -27.043 5.897 42.003 -27.076 8.657
41.256 -27.844 5.041 41.895 -27.279 3.841 40.961 -27.13 2.651 43.095 -29.359 3.298
39.791 -27.759 2.782 38.497 -27.405 2.158 38.056 -25.955 2.282 35.763 -29.214 2.608
38.326 -25.356 3.438 38.132 -23.917 3.649 39.417 -23.157 3.389 37.221 -23.34 5.278
40.535 -23.642 3.939 41.795 -22.896 3.974 42.81 -23.208 2.845 41.494 -21.844 7.186
42.511 -24.153 1.971 43.479 -24.54 0.926 44.642 -25.422 1.369 43.356 -24.227 -0.016
45.056 -26.343 0.494 46.227 -27.166 0.732 47.488 -26.332 0.597 46.254 -28.332 -0.23
