STMGQVGRQLAIIGDDINRRY
CCCCHHHHHHEECCCCCCCCC
16.628 -10.312 10.625 17.994 -10.291 10.116 18.178 -9.188 9.07 17.974 -11.785 8.932
19.435 -8.924 8.705 19.705 -7.961 7.643 19.109 -8.433 6.32 21.482 -7.238 7.544
19.3 -9.709 5.99 18.716 -10.204 4.753 17.196 -10.27 4.845 20.592 -11.295 2.994
16.647 -10.508 6.037 15.201 -10.426 6.186 14.654 -9.054 5.825 14.657 -11.206 6.495
15.349 -7.996 6.25 14.92 -6.64 5.908 15.0 -6.383 4.406 14.371 -4.205 6.749
15.975 -6.982 3.713 15.988 -6.887 2.254 14.719 -7.51 1.677 17.639 -7.304 1.309
14.322 -8.675 2.194 13.1 -9.308 1.709 11.879 -8.423 1.872 13.099 -10.228 1.316
11.78 -7.736 3.016 10.672 -6.812 3.244 10.7 -5.669 2.235 8.009 -6.188 4.518
11.888 -5.131 1.956 11.994 -4.043 0.986 11.662 -4.523 -0.423 14.671 -2.56 2.297
12.077 -5.744 -0.77 11.688 -6.312 -2.058 10.174 -6.413 -2.175 13.691 -7.921 -2.706
9.506 -6.817 -1.089 8.049 -6.928 -1.126 7.407 -5.565 -1.345 7.545 -7.559 0.174
7.95 -4.535 -0.698 7.39 -3.192 -0.838 7.473 -2.727 -2.29 8.052 -1.84 1.006
8.653 -2.854 -2.903 8.794 -2.451 -4.302 8.036 -3.408 -5.213 10.525 -1.395 -4.581
7.977 -4.688 -4.853 7.188 -5.619 -5.642 5.729 -5.216 -5.688 7.59 -6.419 -6.088
5.19 -4.777 -4.551 3.81 -4.311 -4.54 3.645 -3.047 -5.366 3.249 -5.326 -2.371
4.689 -2.213 -5.431 4.617 -0.996 -6.233 4.556 -1.309 -7.725 5.743 1.145 -6.626
5.351 -2.281 -8.185 5.409 -2.607 -9.61 4.36 -3.641 -9.994 7.383 -3.436 -10.71
3.614 -4.159 -9.017 2.557 -5.123 -9.277 1.512 -4.522 -10.206 0.933 -6.602 -8.08
1.071 -5.308 -11.185 0.094 -4.839 -12.155 -1.131 -5.741 -12.16 1.6 -2.948 -15.315
-2.286 -5.122 -12.415 -3.575 -5.794 -12.481 -4.275 -5.426 -13.781 -4.311 -5.87 -8.176
-5.251 -6.244 -14.157 -6.074 -5.961 -15.33 -6.922 -4.708 -15.13 -5.596 -9.277 -17.046
