ASLDELQAEIEQLEERNYALRKEIEDLQKQLEKLGA
CCHHHHHHHHHHHHHHHHHHHHHHHHHHHHHHHHCC
49.012 -0.105 33.735 49.787 -0.797 34.767 50.375 0.17 35.795 50.902 -1.631 34.126
49.853 1.394 35.821 50.328 2.403 36.756 49.402 3.602 36.677 51.774 3.226 35.866
49.473 4.451 37.702 48.692 5.679 37.683 48.858 6.417 36.357 48.275 7.586 39.488
50.108 6.596 35.902 50.352 7.345 34.669 49.693 6.676 33.47 52.497 8.374 35.366
49.737 5.34 33.417 49.121 4.607 32.312 47.61 4.715 32.35 50.693 1.74 31.651
47.027 4.614 33.543 45.596 4.802 33.677 45.194 6.204 33.234 44.979 3.135 35.569
45.969 7.222 33.625 45.638 8.59 33.231 45.779 8.796 31.732 46.792 10.309 35.855
46.795 8.191 31.111 46.909 8.272 29.655 45.777 7.515 28.959 48.27 7.744 29.197
45.378 6.362 29.489 44.233 5.671 28.903 42.955 6.482 29.083 42.992 2.595 29.499
42.786 7.115 30.246 41.619 7.962 30.452 41.603 9.095 29.43 41.186 8.243 32.801
42.756 9.729 29.197 42.828 10.806 28.216 42.364 10.322 26.855 43.768 13.119 27.288
42.88 9.169 26.425 42.462 8.584 25.158 40.959 8.357 25.137 43.65 5.816 23.631
40.423 7.761 26.206 38.993 7.485 26.255 38.167 8.765 26.133 38.667 5.303 27.649
38.585 9.842 26.811 37.79 11.062 26.776 37.89 11.757 25.422 37.851 12.291 29.86
39.021 11.631 24.727 39.093 12.127 23.353 38.135 11.362 22.452 42.433 12.525 23.21
38.056 10.035 22.631 37.099 9.23 21.871 35.673 9.601 22.239 37.819 7.278 19.598
35.421 9.826 23.535 34.09 10.225 23.993 33.654 11.512 23.297 32.805 10.423 26.146
34.569 12.482 23.208 34.307 13.709 22.468 34.002 13.432 21.002 35.247 16.825 20.688
34.844 12.631 20.35 34.698 12.44 18.914 33.346 11.831 18.598 35.836 11.565 18.39
32.909 10.863 19.415 31.605 10.234 19.215 30.469 11.226 19.415 32.036 7.714 19.96
30.561 12.074 20.443 29.536 13.099 20.65 29.454 14.047 19.455 29.304 13.331 24.979
30.604 14.529 18.987 30.618 15.433 17.846 30.045 14.761 16.614 31.876 18.308 17.57
30.537 13.56 16.289 30.042 12.875 15.102 28.552 12.603 15.222 30.749 11.687 12.879
28.097 12.159 16.393 26.66 11.936 16.583 25.871 13.2 16.236 26.188 10.684 18.551
26.325 14.344 16.751 25.653 15.607 16.478 25.648 15.917 14.99 25.969 18.112 18.538
26.758 15.627 14.307 26.836 15.898 12.881 25.945 14.946 12.098 28.459 16.209 11.071
25.881 13.683 12.527 24.962 12.736 11.906 23.516 13.148 12.114 26.214 10.437 11.917
23.19 13.703 13.283 21.808 14.112 13.505 21.416 15.252 12.572 21.606 13.874 16.848
22.316 16.211 12.343 22.01 17.281 11.397 21.812 16.721 9.997 24.048 19.631 13.16
22.721 15.85 9.557 22.572 15.226 8.247 21.257 14.465 8.146 25.642 14.096 7.485
20.848 13.801 9.23 19.635 12.99 9.187 18.39 13.859 9.078 18.77 10.879 10.447
18.342 14.969 9.817 17.194 15.857 9.696 17.125 16.475 8.302 18.008 18.665 11.322
18.275 16.85 7.732 18.267 17.357 6.366 17.73 16.308 5.401 18.992 19.763 7.09
18.09 15.037 5.598 17.6 13.993 4.701 16.087 13.829 4.756 19.535 12.335 4.343
15.381 14.673 5.504 13.938 14.771 5.376 13.536 16.03 4.626 13.318 14.079 5.746
13.456 15.955 3.296 13.199 17.139 2.471 11.713 17.509 2.431 13.731 16.923 1.046
