ASIARLEEKVKTLKAQNYELASTANMLREQVA
CCHHHHHHHHHHHHHHHHHHHHHHHHHHHHHC
41.989 15.134 20.716 40.554 15.268 20.461 40.252 15.486 18.974 39.974 16.417 21.289
41.017 16.385 18.346 40.788 16.702 16.937 41.023 15.487 16.06 41.521 18.456 16.807
42.089 14.736 16.34 42.394 13.545 15.552 41.287 12.514 15.721 44.703 12.972 15.708
40.89 12.252 16.975 39.783 11.331 17.221 38.53 11.775 16.486 39.495 11.21 18.723
38.245 13.075 16.49 37.052 13.539 15.786 37.14 13.262 14.283 34.296 15.494 14.346
38.301 13.503 13.665 38.421 13.216 12.234 38.276 11.721 11.952 39.88 15.176 11.426
38.805 10.878 12.833 38.65 9.443 12.641 37.183 9.047 12.617 41.099 8.341 14.6
36.368 9.641 13.493 34.949 9.3 13.469 34.292 9.787 12.186 34.432 8.239 15.758
34.723 10.941 11.67 34.174 11.407 10.4 34.545 10.45 9.271 32.833 13.507 9.238
35.775 9.934 9.287 36.202 8.983 8.267 35.301 7.758 8.275 38.091 8.574 8.079
35.013 7.221 9.463 34.135 6.062 9.529 32.785 6.366 8.916 35.322 4.949 12.956
32.21 7.521 9.237 30.941 7.881 8.619 31.06 7.928 7.095 29.94 9.332 9.344
32.096 8.603 6.587 32.223 8.778 5.149 32.354 7.431 4.444 33.31 11.149 4.735
33.087 6.484 5.039 33.217 5.169 4.417 31.874 4.465 4.349 36.754 4.164 5.423
31.071 4.586 5.407 29.744 3.978 5.429 28.837 4.601 4.372 29.124 4.128 6.822
28.86 5.931 4.262 28.105 6.6 3.203 28.559 6.138 1.815 27.86 9.706 4.497
29.875 6.044 1.59 30.368 5.643 0.278 30.166 4.156 0.034 32.104 7.43 -0.03
30.12 3.342 1.098 29.739 1.943 0.921 28.334 1.835 0.345 28.701 -1.476 1.906
27.369 2.522 0.957 26.006 2.45 0.453 25.904 3.048 -0.944 24.576 1.484 2.384
26.673 4.103 -1.226 26.617 4.687 -2.565 27.205 3.735 -3.595 26.753 7.287 -2.186
28.341 3.115 -3.272 28.938 2.146 -4.179 28.0 0.968 -4.404 30.289 1.676 -3.634
27.368 0.478 -3.335 26.404 -0.604 -3.488 25.292 -0.198 -4.444 25.335 -1.506 -2.198
24.678 0.962 -4.201 23.609 1.426 -5.077 24.095 1.58 -6.514 22.502 2.856 -4.478
25.278 2.168 -6.702 25.838 2.284 -8.043 25.959 0.914 -8.698 27.199 2.98 -7.995
26.597 -0.037 -8.009 26.765 -1.366 -8.586 25.418 -2.029 -8.824 28.121 -3.418 -8.35
24.464 -1.816 -7.918 23.117 -2.329 -8.129 22.431 -1.658 -9.313 21.845 -3.27 -5.466
22.862 -0.455 -9.695 22.297 0.206 -10.866 23.018 -0.184 -12.152 20.939 2.149 -10.427
24.353 -0.256 -12.124 25.103 -0.729 -13.285 24.533 -2.031 -13.828 28.877 0.318 -11.22
24.159 -2.951 -12.942 23.588 -4.21 -13.397 22.089 -4.112 -13.662 23.944 -5.908 -10.485
21.368 -3.224 -12.973 19.933 -3.093 -13.214 19.649 -2.579 -14.618 17.556 -1.141 -12.003
20.697 -2.341 -15.398 20.559 -2.006 -16.812 21.034 -3.236 -17.584 21.628 -0.381 -16.836
20.09 -4.134 -17.858 20.343 -5.345 -18.63 19.039 -5.792 -19.273 20.916 -6.447 -17.748
