MSFPEGKDILFMGNEAAKLAEAFQKSLR
CCCCCCCCEEECCHHHHHHHHHHHHHHC
47.251 -7.795 -59.365 47.17 -7.252 -58.01 48.528 -6.717 -57.535 46.006 -7.116 -55.486
48.597 -5.406 -57.317 49.833 -4.742 -56.906 49.802 -4.337 -55.433 50.585 -3.093 -57.498
50.648 -4.967 -54.625 50.649 -4.71 -53.186 51.578 -3.548 -52.82 49.378 -7.821 -52.528
51.051 -2.558 -52.088 51.886 -1.462 -51.587 52.692 -1.86 -50.348 50.036 -1.275 -51.332
53.583 -0.981 -49.902 54.311 -1.225 -48.662 53.373 -1.001 -47.492 57.179 0.319 -49.403
53.701 -1.607 -46.354 52.875 -1.509 -45.16 52.639 -0.083 -44.692 52.512 -2.327 -44.713
53.654 0.763 -44.843 53.546 2.155 -44.434 52.595 2.94 -45.339 56.812 3.449 -45.992
52.24 2.361 -46.482 51.305 3.007 -47.395 49.899 2.433 -47.221 52.975 3.64 -49.098
49.79 1.422 -46.366 48.504 0.837 -46.05 47.975 1.429 -44.75 48.469 -1.471 -46.599
48.823 1.528 -43.738 48.391 2.112 -42.47 48.305 3.634 -42.581 49.368 0.347 -40.84
47.518 4.26 -41.709 47.549 5.712 -41.544 48.398 6.056 -40.331 44.733 6.262 -43.415
49.571 6.626 -40.565 50.498 6.879 -39.475 50.382 8.32 -39.02 52.224 4.959 -39.37
50.838 8.589 -37.803 50.857 9.946 -37.302 49.848 10.207 -36.207 51.493 10.624 -37.67
50.123 11.259 -35.449 49.315 11.635 -34.307 47.894 11.971 -34.738 49.744 12.829 -32.17
47.777 12.712 -35.834 46.477 13.126 -36.346 45.612 11.919 -36.711 45.763 15.138 -38.932
46.202 10.959 -37.409 45.49 9.735 -37.777 45.024 8.967 -36.533 46.372 8.86 -38.651
45.847 8.963 -35.488 45.475 8.295 -34.244 44.284 8.988 -33.588 46.654 8.25 -33.285
44.332 10.314 -33.517 43.249 11.071 -32.9 41.941 10.907 -33.679 44.346 14.32 -31.893
42.022 10.85 -35.005 40.823 10.68 -35.826 40.118 9.355 -35.514 41.409 12.003 -38.033
40.881 8.264 -35.489 40.326 6.946 -35.202 39.764 6.884 -33.779 41.387 5.86 -35.409
40.485 7.469 -32.834 40.031 7.508 -31.455 38.686 8.238 -31.337 41.792 8.518 -28.814
38.561 9.371 -32.021 37.331 10.148 -31.958 36.152 9.366 -32.535 37.501 11.473 -32.685
36.363 8.705 -33.675 35.289 7.934 -34.288 34.826 6.816 -33.374 33.957 5.901 -36.617
35.788 6.112 -32.796 35.513 5.04 -31.852 34.677 5.547 -30.678 37.82 2.826 -30.948
35.033 6.727 -30.179 34.313 7.369 -29.075 32.877 7.746 -29.444 34.72 10.629 -27.101
32.666 8.135 -30.699 31.339 8.523 -31.173 30.379 7.333 -31.176 31.48 8.62 -33.073
30.936 6.125 -31.26 30.143 4.897 -31.281 29.681 4.483 -29.881 31.182 3.707 -33.366
29.96 5.342 -28.899 29.711 5.079 -27.477 30.444 3.821 -27.014 27.503 7.959 -27.868
