MNPEKMNNAKVANMPSTEGLPSLP
CCHHHHCCCCCCCCCCCCCCCCCC
6.531 32.436 -8.766 7.66 31.679 -8.234 8.992 32.358 -8.55 8.656 29.065 -7.494
9.536 33.086 -7.576 10.751 33.855 -7.778 12.003 33.153 -7.254 11.624 36.166 -7.485
12.795 32.572 -8.161 13.992 31.794 -7.813 15.117 32.636 -7.202 13.653 32.026 -9.648
15.155 33.923 -7.53 16.174 34.816 -6.984 15.863 35.141 -5.528 17.163 35.675 -9.491
14.582 35.372 -5.265 14.072 35.569 -3.919 14.345 34.349 -3.023 11.154 37.154 -2.555
14.185 33.15 -3.575 14.45 31.935 -2.809 15.95 31.823 -2.545 13.972 29.12 -2.136
16.764 32.177 -3.533 18.208 32.192 -3.327 18.626 33.147 -2.216 19.066 31.462 -5.539
17.99 34.31 -2.151 18.312 35.269 -1.1 17.931 34.758 0.284 18.176 37.289 -2.532
16.802 34.061 0.374 16.399 33.443 1.631 17.396 32.362 2.084 14.989 32.846 1.502
17.75 31.466 1.161 18.731 30.415 1.414 20.009 31.001 2.012 17.976 28.082 -1.56
20.493 32.079 1.415 21.706 32.725 1.91 21.466 33.307 3.302 22.728 33.93 0.76
20.316 33.961 3.486 19.977 34.584 4.767 19.926 33.566 5.901 18.629 35.328 4.669
19.515 32.348 5.577 19.325 31.322 6.59 20.454 30.291 6.704 16.858 31.437 6.464
21.579 30.528 6.033 22.724 29.613 6.127 23.117 29.441 7.593 24.764 30.241 3.823
23.405 28.194 8.009 23.609 27.941 9.438 24.91 28.566 9.96 23.777 26.454 8.3
24.917 28.868 11.253 26.079 29.448 11.926 26.781 28.379 12.742 26.219 30.928 13.124
28.085 28.537 12.923 28.81 27.673 13.828 28.903 28.328 15.211 30.483 27.594 12.853
28.358 29.544 15.357 28.511 30.32 16.599 27.985 29.567 17.822 28.952 32.759 17.727
26.957 28.751 17.622 26.394 27.968 18.707 27.147 26.69 19.057 25.565 28.28 19.17
28.185 26.36 18.294 28.998 25.17 18.571 29.991 25.472 19.695 29.355 23.875 16.21
30.436 24.435 20.431 31.528 24.615 21.393 32.669 25.41 20.76 30.872 22.868 21.216
33.191 26.426 21.448 34.267 27.26 20.89 35.462 26.412 20.465 34.21 28.81 21.999
35.821 25.449 21.308 36.899 24.515 21.007 36.292 23.108 20.996 38.69 25.897 22.509
36.845 22.193 20.179 36.287 20.839 20.038 36.242 20.073 21.356 37.698 21.282 18.871
