LWNWFNITNWLWYIKLFIMIV
CCCCCHHHHHHHHHHHHHHHC
-18.338 -18.562 -2.068 -17.263 -19.533 -2.463 -17.67 -20.975 -2.114 -15.296 -17.838 -2.099
-18.709 -21.428 -2.808 -19.182 -22.817 -2.839 -18.788 -23.353 -4.225 -21.784 -20.637 -4.42
-19.199 -24.57 -4.582 -18.913 -25.114 -5.931 -20.139 -25.306 -6.83 -17.807 -26.978 -7.126
-20.229 -24.489 -7.882 -21.411 -24.448 -8.737 -21.817 -25.835 -9.197 -23.861 -22.954 -11.162
-20.826 -26.625 -9.595 -21.099 -27.979 -10.076 -21.657 -28.825 -8.93 -18.779 -27.037 -12.371
-20.936 -28.868 -7.813 -21.364 -29.674 -6.668 -22.726 -29.228 -6.151 -19.005 -30.105 -5.926
-22.917 -27.908 -6.053 -24.184 -27.337 -5.576 -25.353 -27.751 -6.458 -23.961 -25.598 -4.586
-25.171 -27.65 -7.78 -26.223 -28.011 -8.754 -26.539 -29.501 -8.695 -25.451 -27.254 -10.385
-25.506 -30.328 -8.536 -25.712 -31.759 -8.257 -26.44 -31.974 -6.939 -23.916 -32.9 -9.535
-25.985 -31.277 -5.902 -26.662 -31.334 -4.62 -28.139 -31.044 -4.8 -24.913 -32.316 -1.6
-28.447 -29.92 -5.437 -29.854 -29.558 -5.685 -30.586 -30.59 -6.539 -29.795 -26.918 -5.591
-29.907 -31.106 -7.567 -30.494 -32.148 -8.419 -30.834 -33.361 -7.552 -31.079 -34.376 -11.466
-29.871 -33.833 -6.773 -30.128 -34.966 -5.865 -31.273 -34.734 -4.88 -26.782 -36.392 -6.812
-31.413 -33.505 -4.392 -32.475 -33.174 -3.458 -33.854 -33.175 -4.133 -31.658 -31.475 -2.035
-33.906 -32.776 -5.404 -35.158 -32.802 -6.161 -35.617 -34.228 -6.425 -35.422 -31.442 -9.465
-34.685 -35.133 -6.695 -35.087 -36.522 -6.928 -35.779 -37.034 -5.676 -33.28 -37.344 -8.608
-35.071 -36.912 -4.545 -35.58 -37.246 -3.201 -36.993 -36.725 -2.936 -35.255 -37.212 0.194
-37.194 -35.442 -3.185 -38.497 -34.826 -2.98 -39.547 -35.449 -3.9 -38.15 -32.49 -2.761
-39.15 -35.759 -5.134 -40.064 -36.328 -6.141 -40.422 -37.777 -5.793 -40.2 -34.806 -8.13
-39.428 -38.573 -5.416 -39.672 -39.944 -4.959 -40.675 -39.947 -3.788 -37.573 -41.015 -4.816
-40.374 -39.137 -2.769 -41.157 -39.076 -1.524 -42.574 -38.51 -1.718 -40.269 -38.355 0.079
