VTVDDDDDDNDPENRIAKKMLLEEIKANLS
CCCCCCCCCCCHHHHHHHHHHHHHHHHHCC
67.246 -21.555 20.129 66.782 -20.937 21.365 67.881 -20.071 21.985 66.507 -22.153 22.872
67.498 -18.868 22.401 68.431 -17.897 22.954 68.625 -18.135 24.448 68.165 -16.053 22.429
69.853 -17.938 24.928 70.134 -17.964 26.361 70.401 -16.539 26.823 71.679 -19.16 26.356
70.223 -16.308 28.124 70.564 -15.003 28.682 71.601 -15.167 29.786 68.632 -14.838 30.282
71.798 -14.1 30.557 72.93 -14.061 31.474 72.741 -14.92 32.712 73.874 -11.824 30.937
71.508 -15.268 33.076 71.233 -15.866 34.378 70.91 -17.35 34.247 68.804 -15.362 34.469
70.793 -18.02 35.409 70.432 -19.439 35.465 69.182 -19.689 36.311 72.098 -19.834 37.253
68.256 -18.734 36.33 67.048 -18.83 37.138 65.804 -19.224 36.344 67.865 -17.124 38.721
65.924 -19.463 35.033 64.777 -19.509 34.129 64.231 -20.904 33.851 65.455 -17.463 32.942
64.897 -21.969 34.301 64.443 -23.311 33.934 63.024 -23.581 34.427 66.618 -24.492 33.694
62.695 -23.132 35.639 61.373 -23.36 36.203 60.516 -22.124 35.991 60.208 -23.952 38.282
59.358 -22.225 35.332 58.579 -21.006 35.067 58.02 -20.363 36.323 57.887 -22.62 34.367
57.666 -21.15 37.346 57.221 -20.552 38.602 58.322 -19.697 39.218 55.894 -21.953 41.338
59.569 -20.167 39.145 60.69 -19.411 39.699 60.908 -18.102 38.948 63.022 -19.74 40.456
60.799 -18.143 37.62 61.018 -16.948 36.814 60.005 -15.862 37.164 62.043 -16.265 32.305
58.748 -16.255 37.373 57.709 -15.306 37.76 57.966 -14.771 39.165 55.615 -16.154 37.026
58.287 -15.662 40.104 58.531 -15.234 41.478 59.694 -14.257 41.549 58.804 -16.451 42.363
60.75 -14.528 40.785 61.913 -13.651 40.762 61.553 -12.271 40.232 65.261 -13.769 38.9
60.863 -12.219 39.09 60.461 -10.939 38.51 59.656 -10.12 39.512 59.044 -9.782 35.394
58.726 -10.772 40.202 57.875 -10.086 41.169 58.691 -9.558 42.342 55.301 -11.455 42.154
59.586 -10.387 42.878 60.379 -9.965 44.025 61.292 -8.801 43.67 61.882 -11.011 45.826
62.017 -8.899 42.551 62.936 -7.819 42.184 62.201 -6.508 41.928 64.876 -9.14 41.139
60.999 -6.573 41.352 60.205 -5.361 41.17 59.785 -4.778 42.513 58.312 -6.105 38.503
59.394 -5.643 43.455 59.053 -5.178 44.795 60.233 -4.468 45.44 58.136 -6.898 47.548
61.425 -5.062 45.344 62.591 -4.493 46.016 62.96 -3.142 45.411 64.19 -6.225 46.475
62.967 -3.062 44.077 63.309 -1.832 43.364 62.427 -0.665 43.796 63.169 -1.044 39.593
61.157 -0.947 44.1 60.204 0.095 44.455 60.511 0.753 45.796 58.788 -0.483 44.465
61.302 0.105 46.65 61.745 0.683 47.923 60.556 1.083 48.796 63.388 2.298 48.876
59.626 0.148 48.963 58.422 0.325 49.762 58.509 -0.522 51.031 56.651 0.756 47.855
57.498 -0.387 51.883 57.47 -1.119 53.149 56.917 -2.543 53.01 56.857 -0.888 54.234
