TRYENITFNCCNHCQGELIAL
CCCCCEEECCCCCCCCEEEEC
29.584 -28.164 7.161 28.268 -27.559 7.386 27.305 -28.535 8.088 27.486 -26.532 5.907
26.852 -28.166 9.283 25.826 -28.937 9.984 24.466 -28.331 9.657 27.152 -31.017 13.667
23.438 -29.173 9.58 22.102 -28.699 9.206 20.977 -29.317 10.024 21.971 -31.74 6.957
21.28 -30.341 10.811 20.242 -31.183 11.393 20.098 -31.044 12.899 19.966 -34.419 11.025
18.853 -30.883 13.369 18.515 -30.915 14.783 19.439 -29.996 15.579 17.97 -32.519 16.608
19.753 -28.832 15.014 20.651 -27.875 15.657 19.942 -27.126 16.775 21.809 -26.708 13.916
20.645 -26.924 17.881 20.185 -26.02 18.926 20.854 -24.675 18.716 20.125 -26.671 20.739
20.033 -23.698 18.351 20.501 -22.35 18.06 20.509 -21.515 19.335 19.801 -22.875 14.785
21.403 -21.862 20.254 21.402 -21.256 21.582 22.268 -19.997 21.563 21.448 -22.014 23.972
21.878 -19.054 20.707 22.686 -17.868 20.412 21.894 -16.575 20.571 22.679 -18.082 18.316
20.874 -16.622 21.418 20.038 -15.458 21.713 20.408 -14.797 23.049 18.006 -15.264 22.066
20.73 -13.504 23.022 21.177 -12.82 24.237 20.026 -12.425 25.162 21.248 -10.511 23.296
18.797 -12.701 24.737 17.628 -12.409 25.56 17.146 -13.63 26.35 16.927 -9.874 23.761
17.538 -14.84 25.946 17.071 -16.05 26.63 17.459 -15.997 28.102 17.258 -17.6 25.213
16.494 -16.315 28.961 16.668 -16.225 30.41 16.534 -17.571 31.099 16.74 -13.643 30.911
15.608 -18.395 30.619 15.305 -19.654 31.262 16.295 -20.737 30.912 14.516 -19.761 31.868
16.225 -21.859 31.626 17.054 -23.021 31.324 16.617 -23.679 30.008 17.036 -25.86 33.14
17.555 -24.316 29.316 17.249 -25.03 28.085 16.482 -26.308 28.414 18.599 -25.724 25.924
15.265 -26.421 27.88 14.351 -27.519 28.183 13.936 -28.207 26.895 13.136 -27.068 29.814
14.016 -29.532 26.882 13.54 -30.338 25.765 12.136 -30.818 26.071 14.455 -31.543 25.529
11.215 -30.591 25.145 9.814 -30.96 25.31 9.289 -31.717 24.11 9.083 -29.685 26.114
