TVILEYAHRLSQDILCDALQQWA
CCHHHHHHHHHHHHHHHHHHHHC
-0.3 14.543 13.119 0.129 15.291 11.904 1.279 14.547 11.238 0.488 17.179 11.965
2.086 13.887 12.069 3.177 13.052 11.578 2.656 11.992 10.589 4.57 12.391 12.797
1.542 11.343 10.922 0.99 10.285 10.053 0.469 10.889 8.746 0.154 8.617 11.014
-0.24 12.023 8.837 -0.673 12.789 7.634 0.492 13.219 6.714 -2.6 14.55 7.074
1.574 13.785 7.288 2.723 14.114 6.438 3.359 12.92 5.801 4.403 16.061 8.604
3.47 11.805 6.534 4.019 10.572 5.965 3.14 10.062 4.79 4.792 6.843 6.156
1.835 10.059 4.987 0.892 9.6 3.923 0.975 10.498 2.702 -0.564 9.541 4.487
1.119 11.792 2.907 1.217 12.763 1.816 2.495 12.525 0.97 1.566 15.731 0.89
3.634 12.4 1.627 4.894 12.065 0.936 4.885 10.706 0.28 8.275 13.619 1.622
4.379 9.683 0.948 4.272 8.345 0.311 3.363 8.37 -0.921 3.756 5.84 1.094
2.223 9.079 -0.812 1.292 9.207 -1.923 1.986 9.812 -3.153 0.222 10.782 -1.418
2.72 10.898 -2.928 3.51 11.553 -3.988 4.554 10.628 -4.598 4.136 14.815 -3.167
5.233 9.881 -3.759 6.242 8.907 -4.226 5.66 7.768 -5.041 7.845 9.478 -2.462
4.572 7.177 -4.548 3.91 6.082 -5.273 3.451 6.586 -6.66 2.408 4.876 -3.833
2.812 7.763 -6.684 2.367 8.365 -7.968 3.507 8.591 -9.014 0.209 9.901 -7.976
4.611 9.203 -8.59 5.838 9.293 -9.403 6.301 7.949 -9.897 6.87 10.671 -8.368
6.5 7.018 -8.975 6.758 5.632 -9.324 5.87 5.121 -10.446 7.716 4.118 -7.641
4.551 5.201 -10.244 3.589 4.635 -11.176 3.643 5.323 -12.525 2.18 4.657 -10.625
3.777 6.636 -12.505 3.75 7.424 -13.719 4.982 7.221 -14.579 2.326 9.466 -13.048
6.124 6.929 -13.937 7.37 6.561 -14.62 7.544 5.022 -14.681 8.566 7.222 -13.931
6.433 4.331 -14.959 6.337 2.869 -15.103 5.27 2.56 -16.17 7.254 0.977 -13.052
4.359 3.529 -16.367 3.411 3.62 -17.504 3.969 4.6 -18.568 1.978 4.077 -17.01
5.264 4.473 -18.845 5.975 5.363 -19.75 7.464 5.216 -19.478 5.532 6.818 -19.548
