LTTVPLTTIYECPPSPVKEIFSYSKGIQT
CCCCCCEEEEECCCCCHHHHHHHCCCCCC
-32.956 16.723 23.805 -33.099 15.424 23.153 -32.405 14.322 23.948 -33.097 14.58 20.724
-31.077 14.271 23.874 -30.306 13.275 24.618 -29.54 13.908 25.789 -29.233 12.611 23.143
-29.681 13.328 26.982 -29.1 13.901 28.197 -28.25 12.917 29.013 -30.761 14.413 29.028
-27.767 13.374 30.165 -26.948 12.549 31.051 -27.743 12.162 32.297 -25.097 13.134 31.379
-28.291 10.934 32.334 -29.064 10.51 33.506 -28.27 9.873 34.641 -29.302 9.48 31.966
-28.999 9.593 35.714 -28.472 8.976 36.92 -27.763 7.644 36.658 -30.701 9.691 38.294
-26.905 7.229 37.586 -26.121 6.005 37.42 -26.772 4.827 38.163 -24.442 6.734 38.049
-26.604 3.598 37.655 -27.185 2.386 38.269 -26.122 1.308 38.57 -28.298 1.801 36.804
-26.515 0.145 39.12 -25.568 -0.767 39.8 -25.711 -2.321 39.594 -25.075 0.063 42.047
-24.599 -3.07 39.725 -24.569 -4.43 40.333 -23.485 -4.51 41.445 -23.341 -7.907 40.712
-23.778 -5.119 42.596 -22.91 -4.952 43.77 -22.751 -6.174 44.693 -23.077 -3.776 46.524
-21.517 -6.477 45.076 -21.242 -7.659 45.88 -20.134 -7.456 46.932 -20.532 -9.517 45.328
-20.521 -7.275 48.209 -19.49 -7.095 49.242 -18.656 -8.352 49.415 -21.273 -7.114 49.842
-17.365 -8.187 49.711 -16.529 -9.373 49.896 -17.037 -10.274 51.02 -15.688 -7.697 50.11
-16.81 -11.566 50.869 -17.314 -12.527 51.815 -16.284 -13.606 51.98 -18.906 -13.536 51.833
-15.986 -13.982 53.222 -14.889 -14.935 53.357 -15.286 -16.324 52.88 -15.666 -14.328 54.958
-14.316 -17.04 52.323 -14.485 -18.429 51.921 -14.708 -19.326 53.142 -12.97 -19.392 51.109
-15.48 -20.396 52.979 -15.608 -21.384 54.041 -14.433 -22.346 53.971 -18.336 -23.856 54.503
-13.499 -22.232 54.902 -12.339 -23.101 54.887 -12.694 -24.507 55.346 -10.115 -21.537 54.441
-11.971 -25.477 54.813 -12.176 -26.861 55.163 -10.97 -27.364 55.951 -13.098 -27.932 53.305
-11.239 -27.854 57.152 -10.18 -28.142 58.095 -9.836 -29.622 58.114 -11.396 -25.299 59.547
-8.689 -29.93 58.69 -8.247 -31.303 58.832 -8.462 -31.766 60.275 -6.672 -31.123 57.817
-8.984 -32.968 60.434 -9.36 -33.471 61.731 -8.555 -34.715 62.073 -12.405 -31.372 61.305
-8.293 -34.899 63.358 -7.693 -36.115 63.844 -8.744 -37.197 63.967 -7.504 -35.716 65.679
-8.296 -38.385 64.338 -9.186 -39.514 64.531 -10.203 -39.243 65.645 -6.805 -41.818 66.193
-9.726 -38.76 66.784 -10.589 -38.567 67.931 -10.345 -39.682 68.933 -11.233 -37.806 68.015
-10.026 -39.33 70.174 -9.721 -40.349 71.17 -10.703 -40.384 72.323 -7.371 -40.546 71.539
-11.361 -41.525 72.458 -12.312 -41.807 73.524 -11.602 -42.527 74.662 -15.019 -42.009 74.067
-11.568 -41.922 75.841 -10.967 -42.585 76.991 -11.648 -42.187 78.296 -9.182 -42.069 77.54
