HMLDNFMKQLLKLEESLNKLELEQKVTN
CCHHHHHHHHHHHHHHHHHHHHHHHHCC
44.344 -15.447 42.415 44.328 -14.722 43.732 43.035 -14.836 44.502 46.773 -12.837 43.347
43.133 -14.715 45.817 42.065 -15.132 46.696 40.785 -14.295 46.506 42.863 -16.823 48.655
40.929 -13.031 46.079 39.835 -12.082 45.832 39.136 -12.189 44.499 40.706 -10.121 47.325
39.554 -13.169 43.712 39.179 -13.27 42.288 37.672 -13.369 42.097 41.188 -13.851 40.951
36.985 -14.178 42.893 35.532 -14.415 42.732 34.749 -13.146 42.963 34.989 -16.84 42.966
35.149 -12.431 44.004 34.513 -11.176 44.343 34.664 -10.141 43.246 34.669 -12.321 47.505
35.864 -10.067 42.704 36.133 -9.127 41.642 35.367 -9.422 40.389 39.253 -8.889 42.066
35.275 -10.691 40.061 34.525 -11.129 38.923 33.053 -10.804 39.071 36.622 -14.149 37.969
32.503 -11.05 40.247 31.105 -10.731 40.518 30.824 -9.241 40.403 29.21 -11.697 43.081
31.724 -8.431 40.905 31.634 -6.98 40.729 31.644 -6.505 39.253 32.56 -5.246 42.473
32.539 -7.068 38.481 32.597 -6.786 37.051 31.294 -7.2 36.336 35.166 -6.928 36.483
30.782 -8.373 36.668 29.505 -8.852 36.131 28.322 -7.995 36.502 27.563 -12.161 36.053
28.274 -7.576 37.754 27.245 -6.63 38.166 27.375 -5.283 37.418 26.774 -7.37 40.67
28.593 -4.813 37.171 28.741 -3.558 36.426 28.293 -3.716 34.972 31.259 -1.443 36.188
28.585 -4.869 34.383 28.189 -5.228 33.021 26.643 -5.104 32.977 30.25 -6.016 31.433
25.972 -5.669 33.969 24.51 -5.656 34.011 23.95 -4.234 34.202 24.21 -7.222 35.026
24.568 -3.466 35.078 24.18 -2.068 35.283 24.407 -1.16 34.079 24.446 -0.433 37.352
25.524 -1.358 33.387 25.797 -0.665 32.123 24.655 -0.858 31.106 28.359 -0.629 32.18
24.156 -2.08 30.999 23.047 -2.438 30.12 21.766 -1.682 30.537 21.38 -5.583 29.176
21.47 -1.624 31.843 20.302 -0.864 32.341 20.426 0.646 32.099 19.495 -2.371 34.354
21.643 1.166 32.275 21.936 2.599 32.117 21.765 3.005 30.67 24.473 2.945 34.299
22.246 2.168 29.753 22.192 2.448 28.308 20.704 2.432 27.881 23.523 1.26 26.117
19.948 1.421 28.328 18.495 1.305 28.082 17.73 2.534 28.553 18.542 -1.778 27.992
18.055 3.028 29.741 17.375 4.206 30.265 17.708 5.478 29.495 17.073 5.451 33.344
18.992 5.697 29.214 19.453 6.84 28.406 18.655 6.981 27.102 22.422 8.375 29.393
18.416 5.86 26.43 17.558 5.804 25.24 16.098 6.069 25.58 17.761 4.285 24.019
15.573 5.242 26.483 14.154 5.181 26.843 13.59 6.591 27.207 13.469 3.97 28.299
14.387 7.467 27.82 13.908 8.827 28.155 13.73 9.746 26.93 14.774 8.78 30.488
