GIEPLGPVDEDQGEHYLFAGG
CCCCCCCCCCCCCCCEEEECC
15.279 -2.459 -4.302 14.49 -2.525 -5.533 15.317 -2.75 -6.789 13.495 -2.427 -5.518
14.688 -3.485 -7.728 15.344 -3.899 -8.96 14.79 -3.221 -10.223 14.774 -6.23 -9.134
13.76 -2.39 -10.08 13.138 -1.735 -11.237 14.047 -0.644 -11.778 10.363 -2.318 -11.404
13.889 -0.298 -13.066 14.755 0.729 -13.662 14.36 2.162 -13.353 13.723 -0.265 -14.867
13.171 2.394 -12.808 12.687 3.745 -12.441 11.871 3.605 -11.155 10.628 3.994 -13.997
11.799 4.675 -10.399 11.016 4.717 -9.178 11.853 5.263 -8.05 10.063 4.42 -9.123
11.302 5.301 -6.844 12.085 5.682 -5.68 13.301 4.762 -5.569 10.244 5.352 -5.396
14.478 5.301 -5.275 15.684 4.492 -5.313 15.692 3.441 -4.202 17.378 5.413 -5.63
16.184 2.259 -4.557 16.273 1.107 -3.676 17.732 0.882 -3.303 16.004 -0.993 -3.639
18.098 1.302 -2.086 19.483 1.136 -1.631 19.912 -0.326 -1.562 21.046 2.223 1.154
18.966 -1.204 -1.278 19.267 -2.58 -0.958 19.593 -3.459 -2.151 18.062 -2.474 1.138
18.983 -3.21 -3.304 19.337 -3.907 -4.546 19.962 -2.99 -5.598 17.334 -5.553 -3.519
20.058 -1.697 -5.325 20.831 -0.81 -6.157 20.149 -0.218 -7.368 21.781 -0.617 -5.91
18.842 -0.445 -7.529 18.074 0.171 -8.599 16.899 0.919 -7.96 18.897 -0.128 -11.156
15.669 0.587 -8.292 14.514 1.373 -7.873 13.384 0.467 -7.411 15.52 3.573 -9.916
12.617 0.933 -6.428 11.339 0.339 -6.091 10.298 0.637 -7.159 12.54 0.51 -2.503
9.308 -0.237 -7.296 8.145 0.088 -8.093 7.389 1.28 -7.469 6.157 -1.174 -9.227
7.25 1.278 -6.138 6.57 2.353 -5.447 7.087 2.406 -4.02 4.289 0.01 -4.457
6.845 3.554 -3.389 7.154 3.715 -1.972 6.167 4.698 -1.386 8.578 4.162 -1.741
5.949 4.575 -0.077 4.918 5.33 0.572 5.224 5.659 1.997 4.084 5.596 0.088
4.412 6.566 2.523 4.729 7.16 3.801 5.939 8.074 3.756 4.18 6.963 4.614
