SNAKRARAHWQLLYTLVNNPSLVGSR
CHHHHHHHHHHHHHHHHHCHHHCCCC
24.349 3.554 49.322 23.883 2.843 48.134 23.509 1.401 48.466 25.572 2.646 47.274
22.513 0.878 47.753 21.985 -0.457 47.995 21.694 -1.119 46.652 19.796 0.601 48.437
21.179 -2.352 46.708 20.947 -3.113 45.483 19.805 -2.523 44.662 20.671 -4.576 45.816
18.755 -2.023 45.323 17.733 -1.269 44.601 18.324 -0.011 43.988 14.669 -1.889 46.807
19.168 0.694 44.747 19.761 1.924 44.236 20.661 1.635 43.047 22.182 5.565 45.892
21.436 0.545 43.12 22.318 0.174 42.02 21.535 -0.03 40.733 23.097 -1.093 42.37
20.502 -0.876 40.778 19.727 -1.163 39.574 19.08 0.096 39.022 17.818 -4.062 41.669
18.545 0.952 39.898 18.006 2.226 39.427 19.081 3.049 38.734 17.41 3.014 40.588
20.317 2.988 39.227 21.335 3.85 38.647 21.789 3.335 37.28 23.738 5.82 39.338
21.961 2.02 37.143 22.24 1.428 35.834 21.198 1.843 34.806 25.065 -1.146 35.964
19.921 1.759 35.182 18.873 2.057 34.218 18.833 3.54 33.882 16.471 -0.136 34.907
19.154 4.419 34.843 19.284 5.842 34.537 20.404 6.082 33.527 19.873 8.1 35.752
21.558 5.438 33.732 22.662 5.587 32.787 22.279 5.072 31.415 24.757 5.35 34.302
21.461 4.021 31.369 20.996 3.519 30.082 20.146 4.561 29.372 19.384 0.814 27.93
19.218 5.197 30.096 18.388 6.232 29.493 19.239 7.386 28.994 16.801 6.765 30.442
20.203 7.803 29.806 21.041 8.935 29.42 21.949 8.598 28.238 21.19 10.228 31.629
22.507 7.385 28.198 23.331 6.998 27.05 22.513 7.006 25.76 24.538 5.484 27.188
21.26 6.539 25.821 20.402 6.458 24.636 19.74 7.777 24.269 19.806 4.044 24.912
19.739 8.759 25.171 19.052 10.032 24.949 19.958 11.164 25.404 16.837 9.024 25.342
20.958 11.512 24.588 21.887 12.587 24.991 21.209 13.908 25.32 22.065 11.897 23.226
20.046 14.196 24.735 19.399 15.471 25.011 18.906 15.588 26.445 17.649 15.356 24.24
18.848 14.489 27.204 18.411 14.573 28.593 19.532 14.91 29.579 16.319 13.046 28.616
20.795 14.89 29.147 21.91 15.231 30.026 21.913 16.732 30.309 23.647 14.438 29.588
22.289 17.103 31.532 22.462 18.5 31.881 21.17 19.198 32.258 23.364 18.931 31.864
21.258 20.534 32.287 20.125 21.355 32.709 18.937 21.198 31.768 21.04 22.934 33.28
19.186 21.185 30.462 18.113 21.077 29.479 18.046 19.682 28.861 18.977 24.603 26.955
