DIDECASNPCQNGGTCVNTVGSYTCLCPPGFTGPNCEDD
CHHHHHCCCCCCCCEEEECCCCEEEECCCCCCCCCCCCC
18.318 4.962 11.565 19.454 5.916 11.656 18.963 7.353 11.716 21.552 6.563 10.604
19.563 8.114 12.627 19.265 9.53 12.741 19.883 10.277 11.573 19.558 10.162 14.986
19.087 11.115 10.91 19.608 11.956 9.827 19.991 13.306 10.412 19.165 12.666 7.522
21.252 13.418 10.813 21.756 14.648 11.402 21.717 15.807 10.428 23.379 12.57 12.584
21.687 15.536 9.128 21.734 16.605 8.136 20.522 17.522 8.208 22.614 15.545 6.6
19.404 17.062 8.767 18.219 17.905 8.828 18.456 19.154 9.656 17.076 17.104 9.423
19.47 19.145 10.512 19.763 20.269 11.387 20.881 21.153 10.856 19.456 19.494 13.06
21.271 20.97 9.6 22.207 21.86 8.922 23.547 22.011 9.649 20.284 23.098 8.006
24.263 20.901 9.876 25.548 21.005 10.566 26.669 21.521 9.701 24.97 19.28 10.134
26.544 21.525 8.384 27.647 21.921 7.512 27.574 23.417 7.269 27.562 20.225 6.318
28.656 24.123 7.585 28.74 25.567 7.43 29.2 25.956 6.034 30.153 26.297 10.382
29.032 27.244 5.74 29.673 27.886 4.597 29.251 27.276 3.267 31.639 28.727 5.844
28.02 26.785 3.172 27.497 26.263 1.929 27.824 24.816 1.658 26.962 26.845 1.317
28.411 24.113 2.616 28.732 22.71 2.421 27.506 21.824 2.326 29.679 22.394 2.36
27.718 20.652 1.761 26.688 19.657 1.495 26.804 18.564 2.544 26.495 19.019 -0.328
25.679 18.14 3.085 25.678 17.149 4.144 25.238 15.801 3.607 24.754 17.091 6.013
25.963 14.754 3.984 25.68 13.379 3.573 25.413 12.578 4.835 26.858 12.553 2.256
24.216 12.037 4.96 23.899 11.253 6.143 24.549 9.883 6.048 21.982 10.371 7.44
25.137 9.434 7.149 25.759 8.121 7.239 25.169 7.354 8.413 27.595 8.676 7.484
25.518 6.077 8.462 25.131 5.214 9.571 25.907 5.658 10.798 25.06 3.309 9.287
25.2 6.159 11.795 25.826 6.594 13.013 26.313 8.019 12.99 25.913 5.973 13.792
26.442 8.642 11.82 26.935 10.015 11.818 26.507 10.711 10.537 28.685 10.68 12.152
27.332 11.615 10.035 27.093 12.382 8.827 28.449 12.885 8.376 27.366 15.481 10.894
28.509 13.306 7.119 29.72 13.829 6.494 29.387 15.141 5.824 30.71 12.63 5.344
30.272 16.113 5.959 30.148 17.382 5.257 31.133 17.422 4.104 29.791 18.672 6.838
30.634 17.777 2.921 31.457 17.975 1.728 31.659 19.47 1.611 30.497 16.02 0.28
32.869 19.894 1.698 33.049 21.32 1.852 33.468 21.954 0.547 33.993 21.218 3.682
33.112 23.214 0.361 33.584 23.937 -0.8 35.053 24.285 -0.665 32.221 24.76 0.219
35.69 24.638 -1.778 37.092 25.043 -1.745 37.27 26.216 -0.802 36.127 25.497 -3.279
38.32 26.164 0.001 38.567 27.212 0.961 38.115 26.883 2.362 39.002 28.069 0.686
37.362 25.802 2.544 36.928 25.399 3.87 37.208 23.93 4.103 34.761 27.955 3.738
37.5 23.567 5.34 37.621 22.212 5.776 37.187 22.05 7.223 39.216 21.08 5.714
37.384 20.913 7.752 36.877 20.6 9.056 35.656 19.735 8.915 37.296 20.924 9.904
35.306 19.043 9.987 34.108 18.185 9.953 32.823 18.909 9.627 34.983 18.398 11.624
32.737 20.224 9.849 31.562 21.014 9.489 31.904 22.133 8.506 30.26 20.64 11.622
33.038 22.051 7.813 33.468 23.11 6.895 33.656 24.433 7.62 32.282 22.448 5.352
34.074 24.356 8.886 34.184 25.523 9.75 35.562 26.173 9.707 34.343 23.276 11.666
36.601 25.453 9.276 37.955 26.0 9.242 38.285 26.548 7.864 38.762 24.373 10.894
38.848 27.744 7.841 39.29 28.372 6.614 40.547 27.685 6.105 38.394 30.588 7.124
