KPLFFDLALNHVAFPPLEDKL
CCCHHHHHCCCCCCCCCCCCC
31.066 16.889 3.448 29.818 17.263 4.103 29.882 18.674 4.68 28.268 15.179 6.084
29.103 19.592 4.114 28.983 20.923 4.716 28.282 20.848 6.063 28.276 20.72 2.979
28.461 21.907 6.846 27.804 22.004 8.142 26.296 22.116 7.95 28.13 23.537 10.291
25.54 21.284 8.672 24.085 21.261 8.549 23.493 20.977 9.925 21.298 20.513 6.721
22.587 21.844 10.38 22.059 21.804 11.743 20.69 21.136 11.797 24.115 24.36 12.664
20.493 20.271 12.794 19.18 19.674 13.047 18.35 20.67 13.852 18.066 17.73 14.128
17.771 21.644 13.144 16.944 22.637 13.822 15.597 22.068 14.251 17.836 24.825 12.798
15.147 20.972 13.624 13.9 20.335 14.044 13.941 19.943 15.516 13.612 19.103 13.184
15.109 19.519 16.004 15.242 19.144 17.41 14.827 20.273 18.35 17.032 17.968 18.886
15.049 21.533 17.955 14.701 22.651 18.824 13.197 22.809 18.982 16.755 23.931 18.287
12.422 22.23 18.068 10.969 22.28 18.115 10.36 21.188 18.987 10.864 23.847 15.348
11.163 20.262 19.515 10.636 19.13 20.275 10.347 19.634 21.686 11.507 17.397 20.091
9.074 19.867 21.987 8.71 20.525 23.231 7.321 20.085 23.661 8.747 22.053 23.077
7.063 20.176 24.968 5.735 19.875 25.478 4.693 20.776 24.818 6.93 18.466 28.371
3.48 20.273 24.618 2.357 21.147 24.268 1.991 22.038 25.443 1.95 19.324 24.502
1.162 23.059 25.226 0.727 23.913 26.343 -0.002 23.097 27.401 0.253 24.487 24.609
0.344 23.337 28.672 -0.142 22.515 29.774 -1.101 23.24 30.705 1.882 20.888 30.117
-1.45 24.5 30.417 -2.306 25.263 31.327 -3.617 24.547 31.612 -1.065 27.555 30.005
-4.231 23.958 30.581 -5.541 23.34 30.746 -5.482 22.105 31.62 -6.461 24.103 28.597
-4.321 21.464 31.71 -4.205 20.294 32.563 -4.195 20.665 34.037 -3.777 18.211 30.654
-4.125 21.951 34.358 -4.224 22.389 35.739 -5.693 22.48 36.132 -2.064 23.865 36.006
