DSYFKAAVSDLDKLLDDFEQ
CHHHHHHHHHHHHHHHHHHC
18.082 13.155 40.425 16.659 13.155 40.107 16.233 14.453 39.424 14.428 12.814 41.097
16.946 15.546 39.705 16.667 16.797 39.007 17.15 16.732 37.563 17.03 18.582 39.548
18.294 16.081 37.329 18.762 15.852 35.965 17.763 15.008 35.18 22.195 16.568 37.468
17.148 14.03 35.841 16.194 13.158 35.163 14.983 13.951 34.682 14.63 10.107 35.037
14.435 14.811 35.549 13.245 15.578 35.184 13.515 16.498 33.999 11.781 15.63 38.447
14.713 17.083 33.932 15.045 17.948 32.803 15.027 17.171 31.493 16.413 18.595 33.023
15.567 15.951 31.5 15.547 15.125 30.299 14.119 14.777 29.907 16.363 13.852 30.523
13.279 14.47 30.895 11.869 14.201 30.623 11.22 15.421 29.981 10.827 13.304 32.017
11.433 16.595 30.576 10.821 17.817 30.066 11.313 18.155 28.663 10.896 19.591 30.749
12.594 17.907 28.379 13.131 18.24 27.062 12.374 17.527 25.944 15.478 18.936 27.534
11.779 16.363 26.227 11.127 15.597 25.165 9.988 16.384 24.523 11.519 13.128 25.972
9.2 17.101 25.33 8.133 17.942 24.784 8.69 18.953 23.79 6.759 17.793 26.838
9.78 19.623 24.165 10.349 20.669 23.323 10.95 20.086 22.05 11.881 22.014 26.453
11.564 18.902 22.147 12.16 18.275 20.972 11.117 18.018 19.893 14.279 16.835 21.601
9.953 17.495 20.283 8.92 17.207 19.295 8.313 18.49 18.739 7.978 14.853 19.964
8.048 19.477 19.599 7.51 20.749 19.117 8.425 21.36 18.064 6.216 21.36 21.133
9.722 21.455 18.365 10.651 22.054 17.415 10.766 21.216 16.148 12.072 23.384 18.944
10.768 19.89 16.278 10.877 19.049 15.09 9.623 19.146 14.232 12.473 16.36 13.816
8.451 19.15 14.869 7.194 19.231 14.132 7.079 20.553 13.38 4.134 18.517 15.342
7.579 21.638 13.965 7.476 22.962 13.349 6.032 23.285 12.984 9.593 24.543 12.556
