QTVKIWVKYNEGFSNAVRKNVTWNNLW
CCEEEEEEECCCCCCHHHHCCCCCCCC
11.684 40.171 4.563 10.561 39.265 4.807 9.967 38.696 3.505 8.412 39.939 7.362
9.952 39.487 2.424 9.531 38.961 1.113 10.638 38.127 0.462 9.001 40.611 0.196
10.345 37.618 -0.733 11.139 36.591 -1.413 12.634 36.885 -1.571 10.83 36.325 -3.322
13.475 35.92 -1.21 14.886 36.124 -1.457 15.46 35.16 -2.517 17.329 37.35 -1.224
16.027 35.727 -3.583 16.53 34.948 -4.713 18.01 35.189 -5.044 14.867 35.067 -6.388
18.793 34.107 -5.112 20.232 34.24 -5.373 20.942 33.011 -5.992 20.216 32.699 -1.865
22.131 33.258 -6.545 23.061 32.204 -6.94 24.074 31.914 -5.838 23.92 32.287 -8.692
24.086 30.684 -5.327 25.212 30.237 -4.51 26.295 29.745 -5.451 26.584 27.641 -2.716
27.347 30.534 -5.582 28.433 30.267 -6.506 29.194 28.971 -6.221 31.455 31.423 -8.523
29.547 28.242 -7.277 30.482 27.127 -7.129 31.85 27.643 -7.476 28.864 25.339 -7.709
32.852 27.266 -6.684 34.182 27.815 -6.863 34.788 27.351 -8.176 34.701 29.082 -4.682
34.423 26.151 -8.598 34.794 25.696 -9.918 33.792 24.717 -10.491 35.627 26.014 -10.371
34.281 23.795 -11.312 33.423 22.972 -12.16 33.908 21.512 -12.182 32.114 22.103 -15.234
32.974 20.589 -11.947 33.219 19.15 -11.998 32.339 18.522 -13.055 33.399 18.598 -10.174
32.998 17.777 -13.932 32.434 16.958 -14.986 32.706 15.545 -14.503 32.3 17.498 -17.454
31.685 14.721 -14.315 31.941 13.399 -13.759 32.373 12.428 -14.858 30.707 12.864 -13.01
32.701 11.203 -14.461 33.114 10.192 -15.411 31.883 9.829 -16.247 34.009 8.52 -14.839
32.051 9.539 -17.532 30.892 9.125 -18.315 30.404 7.715 -17.933 32.68 7.061 -21.625
29.108 7.496 -18.119 28.438 6.266 -17.733 27.599 5.67 -18.862 28.721 6.278 -14.303
27.372 4.36 -18.785 26.501 3.682 -19.727 25.042 4.118 -19.584 27.928 1.632 -19.839
24.266 3.899 -20.636 22.862 4.294 -20.67 21.966 3.106 -20.993 22.386 5.966 -21.608
20.962 2.964 -20.159 19.977 1.924 -20.274 18.725 2.473 -20.955 19.466 0.964 -18.679
17.852 1.587 -21.438 16.614 2.014 -22.066 15.773 2.807 -21.099 13.999 1.704 -24.749
15.674 2.28 -19.889 15.015 2.969 -18.803 15.648 4.297 -18.4 13.967 1.006 -17.702
16.946 4.537 -18.603 17.396 5.865 -18.194 16.782 6.93 -19.103 19.585 5.042 -17.438
16.334 6.546 -20.304 15.743 7.55 -21.201 14.264 7.827 -20.918 17.09 7.103 -23.434
13.501 6.783 -20.631 12.112 6.927 -20.209 11.957 6.645 -18.728 11.861 6.327 -23.987
