PINFHINKPFVFAIREKSTGVILFIGEIGEVKE
CCEEEECCCEEEEEEECCCEEEEEEEEECCCCC
11.452 0.111 11.744 11.848 1.498 11.465 12.176 2.272 12.739 10.046 1.066 11.119
12.948 3.345 12.587 13.328 4.213 13.694 12.115 5.084 14.04 15.413 4.78 13.696
11.901 5.399 15.334 10.85 6.334 15.745 11.398 7.756 15.795 9.477 4.756 17.116
10.688 8.684 15.13 11.008 10.097 15.136 9.715 10.771 15.506 12.762 12.783 13.967
9.461 10.829 16.816 8.179 11.284 17.342 8.325 12.641 17.964 7.105 8.297 17.407
7.804 13.643 17.247 7.942 15.04 17.62 6.825 15.385 18.605 8.55 16.24 15.626
7.026 14.998 19.871 6.009 15.218 20.903 6.538 16.095 22.041 6.583 12.967 21.824
7.567 16.874 21.727 8.23 17.795 22.651 8.938 18.888 21.822 11.177 15.611 23.373
9.545 19.932 22.433 10.133 21.026 21.64 11.223 20.571 20.694 9.974 21.335 23.481
11.296 21.268 19.545 12.233 20.946 18.504 12.706 22.201 17.821 9.494 20.87 16.413
13.847 22.086 17.135 14.418 23.136 16.308 14.198 22.704 14.856 16.187 23.858 16.785
13.92 23.648 13.952 13.773 23.248 12.565 14.311 24.326 11.642 10.769 24.806 12.05
14.659 23.933 10.416 15.175 24.852 9.413 14.696 24.461 8.059 16.713 24.882 9.43
14.478 25.456 7.202 14.138 25.223 5.807 15.356 25.662 5.019 11.89 25.911 5.339
15.962 24.739 4.268 17.184 25.02 3.524 17.036 24.697 2.041 19.783 21.38 3.489
18.018 25.153 1.252 18.08 24.84 -0.172 19.469 24.235 -0.404 18.565 25.588 -2.784
19.509 23.119 -1.133 20.722 22.3 -1.243 21.762 22.762 -2.249 18.808 19.104 -0.581
21.366 23.347 -3.395 22.374 23.728 -4.371 23.195 24.926 -3.877 21.366 24.563 -5.747
22.561 25.861 -3.161 23.241 27.031 -2.598 23.736 26.744 -1.196 21.753 28.273 -2.685
23.063 25.837 -0.489 23.371 25.501 0.899 22.732 26.447 1.904 23.949 24.719 1.133
22.023 27.472 1.426 21.486 28.525 2.288 20.294 28.084 3.154 20.757 30.204 1.537
20.257 28.631 4.381 19.152 28.448 5.304 18.184 29.599 5.073 19.949 27.76 7.454
16.969 29.31 4.615 15.971 30.374 4.36 15.276 30.774 5.658 15.115 29.545 1.959
14.919 29.776 6.493 14.194 29.981 7.74 14.737 29.077 8.795 11.429 31.067 5.945
14.668 29.499 10.056 15.097 28.641 11.14 14.316 29.031 12.382 17.387 28.378 11.918
14.025 28.059 13.213 13.288 28.399 14.414 13.2 27.276 15.399 12.886 29.305 14.548
12.472 27.547 16.458 12.29 26.666 17.606 10.834 26.668 17.952 13.399 27.155 20.761
10.258 25.484 18.178 8.865 25.379 18.581 8.767 24.775 19.967 7.543 25.112 16.954
8.351 25.589 20.935 8.135 25.154 22.318 6.653 24.974 22.63 8.89 25.002 22.956
5.774 25.444 21.719 4.323 25.375 21.919 3.664 25.225 20.561 2.232 27.626 23.343
2.739 24.265 20.428 2.028 24.069 19.166 0.789 24.976 19.14 1.765 22.241 18.486
0.678 25.783 18.088 -0.478 26.651 17.859 -1.155 26.302 16.542 1.348 29.89 18.919
-2.451 26.634 16.431 -3.212 26.463 15.189 -3.863 27.805 14.783 -4.201 24.245 14.327
