YCQKWMWTCDSERKCCEGMVCRLWCKKKLW
CCCCCEEEECCCCCHHHHHHHHHHHHHCCC
13.943 13.571 53.295 12.717 14.387 53.185 11.731 13.537 52.385 11.483 18.1 52.04
11.419 13.942 51.173 10.572 13.168 50.277 11.091 13.373 48.882 8.929 14.434 50.319
10.67 12.52 47.973 11.154 12.553 46.595 10.255 13.477 45.76 12.929 10.73 46.806
10.903 14.415 45.07 10.216 15.421 44.276 9.816 14.87 42.913 10.86 18.35 45.85
9.092 15.693 42.145 8.653 15.295 40.807 9.84 14.832 39.982 7.517 16.634 37.217
9.672 13.651 39.375 10.683 13.058 38.508 11.936 12.581 39.234 9.489 13.333 36.172
11.947 12.619 40.555 13.016 11.96 41.299 12.69 10.467 41.417 14.533 15.075 43.69
13.722 9.655 41.587 13.492 8.24 41.841 12.791 8.047 43.186 15.318 7.583 41.709
12.078 6.931 43.302 11.328 6.673 44.527 11.28 5.164 44.76 9.488 7.105 43.688
11.114 4.813 46.033 11.018 3.422 46.417 10.3 3.317 47.736 13.272 3.037 47.473
10.295 2.121 48.337 9.494 1.909 49.513 9.798 2.859 50.672 9.376 0.054 49.49
11.066 3.223 50.867 11.57 4.116 51.908 11.675 5.567 51.525 12.887 2.529 54.062
11.825 5.826 50.24 11.959 7.164 49.699 10.663 7.464 48.936 15.594 5.826 49.275
9.684 7.96 49.68 8.342 8.171 49.142 8.231 9.479 48.451 6.616 6.559 52.137
7.303 9.565 47.493 7.063 10.814 46.805 6.418 11.845 47.739 6.551 10.038 44.99
6.775 13.103 47.524 6.128 14.201 48.211 4.628 14.258 47.899 7.721 15.569 48.043
3.948 15.033 48.717 2.516 15.226 48.664 2.028 15.471 47.249 0.781 17.384 50.582
0.938 14.807 46.914 0.293 14.971 45.614 0.908 14.155 44.493 -0.491 15.581 45.503
1.897 13.319 44.804 2.6 12.501 43.806 2.53 11.049 44.209 4.99 14.441 43.349
2.772 10.199 43.212 2.725 8.748 43.36 3.942 8.145 42.67 1.316 7.793 42.377
4.483 7.099 43.279 5.717 6.499 42.771 5.443 5.503 41.639 7.26 5.48 43.652
5.991 5.777 40.453 6.009 4.811 39.346 7.448 4.751 38.848 2.357 6.184 37.79
8.316 4.242 39.738 9.791 4.265 39.653 10.398 5.647 39.852 10.39 2.136 38.248
9.773 6.644 39.216 9.995 8.076 39.474 8.664 8.658 39.927 12.543 7.174 36.696
8.74 9.804 40.601 7.505 10.426 41.14 6.731 11.13 40.061 8.204 11.0 42.96
5.425 10.825 40.018 4.499 11.373 39.04 3.375 12.104 39.757 4.382 9.761 37.927
2.82 13.124 39.115 1.664 13.816 39.69 0.424 12.918 39.686 2.021 16.203 38.801
-0.25 12.811 40.827 -1.524 12.118 40.91 -2.623 12.956 40.32 -1.994 11.05 44.332
-3.514 12.366 39.56 -4.708 13.111 39.181 -5.575 13.353 40.419 -5.012 12.659 36.731
-5.757 12.277 41.203 -6.404 12.36 42.502 -6.063 11.113 43.305 -9.172 11.293 40.513
