RRYRDERYPTQSPMPLTVACASPELASGKVWIRYPI
CCCCCCCCCCCCCCCEEEEECCCHHHCCCEEEECCC
-14.709 -17.955 45.496 -13.323 -17.927 45.962 -12.43 -16.873 45.325 -10.343 -20.474 46.67
-11.219 -16.846 45.855 -10.14 -16.127 45.247 -8.878 -16.969 45.005 -8.366 -13.625 45.536
-8.372 -16.943 43.779 -7.267 -17.825 43.349 -5.888 -17.503 43.949 -7.176 -17.868 41.82
-5.066 -18.54 44.16 -3.676 -18.38 44.608 -2.615 -19.03 43.697 -3.531 -18.951 46.002
-1.746 -18.23 43.101 -0.782 -18.698 42.084 0.618 -19.096 42.587 -0.707 -17.727 40.919
1.542 -19.401 41.646 2.908 -18.831 41.635 2.979 -17.323 41.378 3.786 -19.508 40.586
3.777 -16.61 42.173 3.341 -15.291 42.535 4.229 -14.114 42.019 0.07 -15.981 45.447
5.202 -13.635 42.77 5.363 -12.191 42.911 6.822 -11.817 42.639 2.242 -12.263 45.092
7.142 -10.518 42.448 8.565 -10.124 42.443 9.189 -10.113 43.826 7.314 -8.846 41.83
10.396 -10.653 44.013 11.14 -10.387 45.237 11.68 -8.977 45.445 12.746 -11.334 45.807
12.293 -8.391 44.421 12.759 -7.015 44.529 12.323 -6.257 43.284 15.844 -5.765 44.992
11.778 -5.059 43.477 11.348 -4.249 42.342 12.526 -3.978 41.414 10.687 -2.49 42.232
12.374 -4.181 40.104 13.474 -3.868 39.181 13.666 -2.381 38.958 12.028 -4.885 38.494
12.72 -1.537 39.377 12.812 -0.084 39.218 12.606 0.576 40.579 11.268 1.98 37.111
13.573 0.439 41.486 13.422 1.069 42.804 13.524 2.581 42.676 15.027 0.132 42.512
12.552 3.284 43.246 12.618 4.733 43.359 13.062 5.098 44.77 10.605 5.245 41.732
14.039 5.997 44.878 14.417 6.489 46.202 13.299 7.338 46.797 16.023 7.38 45.656
12.739 8.248 45.992 11.53 8.999 46.311 10.588 8.876 45.116 12.341 10.757 46.675
9.279 9.055 45.369 8.303 8.81 44.308 8.415 9.799 43.151 6.871 8.835 44.845
8.946 11.01 43.388 9.126 11.956 42.287 10.264 11.561 41.364 10.195 13.564 43.092
10.999 10.493 41.679 11.912 9.935 40.689 11.163 9.421 39.466 12.751 8.82 41.309
9.935 8.933 39.647 9.051 8.602 38.525 7.618 8.729 39.0 8.757 7.02 37.507
7.023 9.918 38.875 5.605 10.052 39.241 4.717 9.039 38.533 6.502 11.626 38.672
5.023 8.731 37.272 4.18 7.828 36.488 4.151 6.426 37.098 5.271 9.657 34.682
5.328 5.877 37.437 5.387 4.556 38.066 4.702 4.558 39.433 7.247 2.662 38.314
5.021 5.553 40.269 4.497 5.599 41.637 2.981 5.79 41.659 5.196 6.724 42.416
2.459 6.653 40.784 1.011 6.848 40.731 0.276 5.697 40.052 -0.018 8.262 39.992
0.979 4.809 39.358 0.325 3.684 38.714 -0.243 3.999 37.349 0.272 2.791 39.161
0.392 4.892 36.602 -0.035 5.195 35.244 0.769 4.438 34.198 -1.058 8.573 35.992
1.871 3.807 34.593 2.657 2.973 33.699 3.24 1.83 34.518 4.304 3.669 32.89
3.379 0.672 33.882 3.701 -0.553 34.595 4.967 -1.188 34.044 -0.081 -0.076 34.798
5.713 -1.834 34.911 6.867 -2.595 34.554 6.338 -3.762 33.705 8.313 -2.844 36.475
7.13 -4.201 32.746 6.8 -5.363 31.959 7.451 -6.626 32.547 6.315 -5.106 27.966
6.63 -7.536 33.026 7.116 -8.791 33.544 6.771 -9.908 32.552 7.281 -7.355 37.005
7.652 -10.884 32.38 8.863 -11.208 33.101 10.086 -10.425 32.681 8.343 -12.429 31.805
11.059 -10.487 33.574 12.413 -9.93 33.539 12.739 -8.481 33.771 13.648 -10.732 31.736
