VKIWVKYNEGFSNAVRKNVTWNNLWE
CCEEEEECCCCCHHHHHCCCCCCCCC
9.764 70.292 119.554 10.296 69.203 118.742 11.797 69.36 118.53 9.6 69.127 117.371
12.523 68.252 118.636 13.976 68.272 118.517 14.446 67.476 117.303 14.437 68.142 122.298
14.985 68.187 116.318 15.447 67.582 115.076 16.905 67.939 114.818 13.754 67.928 113.436
17.748 66.926 114.642 19.167 67.164 114.405 19.892 65.961 113.814 19.356 65.467 117.774
21.149 66.177 113.44 21.988 65.117 112.904 23.103 64.762 113.88 22.626 65.217 111.061
23.156 63.495 114.277 24.277 62.994 115.058 25.388 62.595 114.097 25.738 60.229 116.543
26.424 63.421 114.031 27.499 63.232 113.066 28.329 61.985 113.345 30.581 64.356 111.155
28.487 61.148 112.324 29.433 60.043 112.384 30.812 60.547 111.988 27.803 58.22 111.907
31.802 60.275 112.831 33.153 60.782 112.619 33.758 60.302 111.302 33.905 62.106 114.716
33.41 59.086 110.899 33.904 58.543 109.648 32.861 57.709 108.936 34.833 58.719 109.322
33.311 56.886 107.996 32.4 56.068 107.208 32.854 54.613 107.144 31.031 55.187 104.215
31.93 53.698 107.42 32.227 52.271 107.348 31.228 51.525 106.472 32.768 51.911 109.14
31.741 50.671 105.594 30.904 49.721 104.875 31.276 48.304 105.291 32.348 50.221 102.899
30.283 47.537 105.724 30.525 46.172 106.166 30.887 45.267 104.992 29.309 45.631 106.9
31.353 44.064 105.31 31.717 43.074 104.304 30.503 42.687 103.462 32.824 41.551 104.844
30.715 42.531 102.157 29.664 42.08 101.252 29.103 40.728 101.678 31.545 44.242 98.034
27.789 40.58 101.551 27.106 39.352 101.93 26.34 38.778 100.743 27.487 39.167 105.194
26.135 37.465 100.743 25.309 36.84 99.718 23.852 37.26 99.879 26.774 34.826 99.59
23.071 37.11 98.816 21.666 37.496 98.847 20.763 36.302 98.562 21.206 39.158 97.935
19.753 36.113 99.404 18.774 35.055 99.188 17.481 35.642 98.636 18.667 34.402 101.004
16.57 34.77 98.22 15.295 35.198 97.658 14.459 35.954 98.685 12.732 34.785 94.852
14.507 35.499 99.933 13.758 36.135 101.009 14.323 37.501 101.391 12.985 34.0 102.03
15.604 37.717 101.105 16.243 38.996 101.393 15.641 40.127 100.566 18.406 38.072 102.108
15.216 39.8 99.35 14.626 40.785 98.453 13.153 41.017 98.779 16.056 40.422 96.296
12.409 39.928 98.937 11.003 40.006 99.314 10.814 39.663 100.785 10.88 39.331 95.544
10.827 40.689 101.627 10.679 40.508 103.064 9.208 40.512 103.464 12.267 42.424 103.703
