FQKFLDRRRSFRDIQGAISKIDPEIIKSLLAS
CHHHHHHHHHHHHHHHHHHHCCHHHHHHHHHC
-8.309 -26.436 -12.382 -7.489 -26.614 -13.581 -6.029 -26.919 -13.241 -7.553 -25.365 -14.458
-5.814 -27.794 -12.245 -4.492 -28.161 -11.702 -3.479 -27.018 -11.715 -3.122 -30.198 -10.774
-3.867 -25.89 -11.173 -2.896 -24.89 -10.829 -2.711 -25.237 -9.349 -5.337 -22.264 -11.405
-1.486 -25.15 -8.888 -1.229 -25.104 -7.483 -1.486 -23.652 -7.172 0.544 -27.978 -7.438
-0.514 -22.807 -7.477 -0.528 -21.293 -7.499 -0.318 -20.356 -6.275 -1.624 -20.185 -9.377
-1.099 -20.386 -5.184 -2.532 -20.764 -5.057 -2.916 -19.414 -4.802 -2.569 -21.5 -2.57
-4.163 -19.154 -5.032 -4.667 -17.835 -4.832 -5.809 -17.955 -3.842 -3.715 -14.712 -6.528
-5.839 -17.085 -2.84 -6.907 -17.15 -1.847 -7.664 -15.839 -1.726 -4.838 -19.565 0.32
-8.902 -15.853 -2.196 -9.774 -14.701 -2.075 -11.089 -15.12 -1.423 -7.066 -12.524 -3.898
-11.099 -16.309 -0.827 -12.269 -16.788 -0.096 -12.456 -16.004 1.198 -12.158 -18.388 0.918
-13.681 -15.998 1.718 -14.003 -15.274 2.948 -13.03 -15.6 4.073 -15.936 -14.763 5.677
-12.866 -16.894 4.32 -11.96 -17.411 5.342 -10.56 -16.819 5.236 -12.802 -21.627 6.908
-10.194 -16.396 4.027 -8.844 -15.926 3.743 -8.706 -14.407 3.777 -8.268 -17.87 2.327
-9.823 -13.688 3.694 -9.77 -12.227 3.712 -10.501 -11.608 4.897 -11.058 -11.762 1.758
-10.991 -12.451 5.801 -11.737 -11.982 6.964 -10.961 -10.956 7.776 -11.219 -14.264 9.211
-9.648 -11.135 7.853 -8.808 -10.236 8.622 -8.906 -8.82 8.102 -8.248 -10.544 9.391
-8.915 -8.701 6.78 -9.034 -7.411 6.126 -10.472 -6.916 6.185 -8.564 -7.511 4.695
-11.415 -7.85 6.166 -12.831 -7.502 6.187 -13.213 -6.913 7.53 -14.218 -9.162 5.167
-12.696 -7.532 8.587 -13.008 -7.125 9.952 -12.581 -5.689 10.237 -12.331 -7.778 11.582
-11.625 -5.195 9.46 -11.099 -3.846 9.64 -11.875 -2.779 8.849 -7.502 -2.502 9.554
-12.858 -3.197 8.058 -13.663 -2.237 7.301 -14.731 -1.587 8.184 -14.174 -3.069 5.093
-14.944 -0.288 7.998 -15.932 0.456 8.769 -17.336 -0.156 8.648 -16.576 2.783 9.286
-17.923 -0.553 9.797 -19.25 -1.179 9.882 -20.32 -0.481 9.044 -18.38 -0.875 11.521
-20.198 0.825 8.857 -21.199 1.549 8.088 -21.122 1.176 6.612 -22.326 3.148 9.803
-19.927 0.84 6.135 -19.779 0.36 4.763 -20.382 -1.033 4.622 -17.863 0.994 4.085
-20.142 -1.898 5.607 -20.724 -3.238 5.586 -22.249 -3.141 5.583 -19.474 -4.378 6.896
-22.794 -2.176 6.318 -24.24 -1.943 6.31 -24.776 -1.669 4.904 -24.801 -0.15 9.672
-24.13 -0.754 4.188 -24.559 -0.374 2.837 -24.441 -1.517 1.831 -23.084 0.77 2.575
-23.329 -2.242 1.883 -23.132 -3.393 1.007 -24.156 -4.48 1.293 -20.54 -3.333 0.567
-24.455 -4.693 2.573 -25.421 -5.713 2.964 -26.841 -5.273 2.64 -24.339 -7.027 4.887
-27.087 -3.969 2.718 -28.377 -3.407 2.321 -28.604 -3.51 0.816 -28.479 -1.957 2.761
-27.543 -3.843 0.082 -27.558 -3.911 -1.38 -27.828 -2.534 -1.986 -28.57 -5.001 -2.576
