DWRVLVVLLPVLLAAGWAVRNILPYAVKQVQKLL
CHHHHHHHHHHHHHHHHHHHHHHHHHHHHHHHHC
-68.214 84.183 383.896 -67.301 84.66 384.928 -66.379 85.749 384.386 -65.814 82.745 384.467
-65.168 85.828 384.938 -64.205 86.845 384.538 -63.207 86.358 383.497 -60.803 85.972 386.187
-62.971 85.046 383.413 -61.975 84.529 382.482 -62.436 84.649 381.035 -62.085 80.673 384.265
-63.743 84.543 380.789 -64.25 84.642 379.424 -64.091 86.06 378.888 -66.187 84.468 379.238
-64.18 87.066 379.761 -64.092 88.452 379.315 -62.652 88.867 379.028 -64.417 90.733 380.771
-61.696 88.387 379.827 -60.308 88.799 379.639 -59.726 88.191 378.366 -58.977 88.142 380.913
-60.231 87.031 377.941 -59.743 86.424 376.707 -60.234 87.208 375.496 -59.823 84.481 376.566
-61.476 87.691 375.544 -62.058 88.43 374.43 -61.557 89.864 374.332 -64.398 87.275 374.211
-60.874 90.375 375.363 -60.434 91.769 375.324 -59.394 92.024 374.238 -59.8 93.589 377.106
-58.345 91.207 374.074 -57.399 91.488 372.979 -58.01 91.335 371.597 -56.83 90.244 374.277
-58.899 90.36 371.401 -59.479 90.169 370.075 -60.509 91.25 369.764 -60.16 88.363 370.355
-61.153 91.815 370.788 -62.085 92.912 370.552 -61.337 94.193 370.203 -64.206 93.884 371.914
-60.224 94.458 370.891 -59.419 95.63 370.568 -58.684 95.459 369.246 -58.865 96.504 372.955
-58.291 94.228 368.909 -57.651 93.985 367.62 -58.625 94.227 366.475 -57.096 92.562 367.566
-59.851 93.71 366.6 -60.87 93.983 365.593 -61.235 95.461 365.572 -62.108 93.125 365.849
-61.267 96.098 366.743 -61.499 97.532 366.784 -60.36 98.321 366.166 -62.328 97.923 367.183
-59.12 97.89 366.408 -57.973 98.554 365.798 -57.964 98.384 364.285 -54.346 99.725 365.587
-58.441 97.241 363.789 -58.433 96.998 362.35 -59.483 97.84 361.637 -58.658 95.514 362.069
-60.652 98.021 362.258 -61.745 98.716 361.591 -61.489 100.215 361.488 -63.507 98.79 362.436
-60.627 100.773 362.342 -60.33 102.198 362.268 -59.355 102.536 361.148 -62.784 102.423 365.114
-58.555 101.57 360.698 -57.593 101.794 359.627 -58.138 101.443 358.249 -55.665 101.352 361.121
-59.295 100.789 358.175 -59.855 100.355 356.902 -61.19 101.015 356.583 -59.239 98.455 356.302
-61.937 101.48 357.584 -63.239 102.101 357.342 -63.236 103.162 356.244 -65.194 102.935 358.877
-62.255 104.072 356.145 -62.262 104.995 354.996 -62.101 104.29 353.661 -60.823 105.172 356.207
-61.305 103.22 353.61 -61.153 102.468 352.371 -62.279 101.461 352.175 -57.543 103.449 352.939
-62.904 101.008 353.264 -63.967 100.016 353.148 -65.251 100.638 352.612 -64.215 99.35 354.501
-65.56 101.871 353.025 -66.762 102.534 352.531 -66.648 102.867 351.05 -66.776 104.013 353.8
-65.426 102.978 350.526 -65.255 103.199 349.094 -65.612 101.948 348.301 -62.428 104.516 348.046
-65.284 100.769 348.836 -65.571 99.526 348.128 -67.068 99.242 348.085 -64.553 96.398 348.856
-67.782 99.545 349.172 -69.215 99.274 349.219 -69.971 100.217 348.29 -69.954 98.952 350.993
-69.515 101.467 348.182 -70.197 102.432 347.325 -70.064 102.067 345.852 -70.661 104.981 346.294
-68.946 101.458 345.461 -68.737 101.056 344.075 -69.516 99.803 343.695 -65.4 101.588 342.984
-70.221 99.18 344.639 -71.085 98.046 344.335 -72.468 98.467 343.856 -70.431 95.943 345.761
-72.708 99.763 343.681 -74.011 100.253 343.244 -73.957 100.724 341.795 -74.912 101.253 345.549
