AQLTMIAMIGIAGPMIIFLLAVRRGNL
CCHHHHHHHHHHHHHHHHHHHHHCCCC
-27.83 84.763 380.403 -27.233 85.257 379.168 -27.307 84.204 378.067 -25.79 85.676 379.407
-28.145 83.188 378.282 -28.302 82.128 377.291 -28.943 82.657 376.014 -28.001 79.349 377.79
-30.013 83.442 376.149 -30.764 83.957 375.01 -30.396 85.4 374.675 -32.54 82.402 375.397
-29.154 85.798 374.944 -28.682 87.144 374.641 -27.586 87.15 373.589 -28.357 88.333 376.129
-26.561 86.31 373.748 -25.473 86.286 372.777 -25.89 85.597 371.484 -23.953 86.88 374.983
-26.83 84.651 371.558 -27.358 84.031 370.346 -28.063 85.071 369.484 -28.689 82.554 370.097
-28.728 86.038 370.122 -29.354 87.12 369.37 -28.308 87.995 368.69 -30.242 87.955 370.291
-27.189 88.259 369.368 -26.133 89.062 368.758 -25.463 88.312 367.614 -24.582 90.014 371.251
-25.188 87.021 367.807 -24.592 86.225 366.74 -25.604 85.989 365.625 -23.232 84.515 367.724
-26.864 85.736 365.986 -27.879 85.483 364.976 -28.229 86.712 364.162 -28.285 84.577 364.856
-28.003 87.899 364.721 -28.294 89.126 363.989 -27.1 89.602 363.17 -29.185 90.796 364.574
-25.902 89.072 363.432 -24.718 89.525 362.71 -24.797 89.167 361.231 -23.458 88.93 363.34
-25.331 87.991 360.916 -25.446 87.537 359.551 -26.343 88.409 358.696 -24.963 86.719 359.236
-27.633 88.479 359.044 -28.557 89.306 358.249 -28.171 90.773 358.191 -29.341 88.194 359.554
-27.527 91.305 359.233 -27.164 92.718 359.219 -26.097 93.014 358.172 -25.993 94.475 361.525
-25.198 92.061 357.913 -24.218 92.237 356.844 -24.921 92.353 355.498 -22.326 90.816 357.245
-25.994 91.583 355.307 -26.765 91.673 354.071 -27.523 92.992 354.011 -27.256 89.797 353.392
-28.042 93.45 355.153 -28.813 94.688 355.171 -27.933 95.908 354.933 -31.036 96.816 356.62
-26.692 95.887 355.426 -25.808 97.034 355.243 -25.411 97.2 353.782 -24.612 97.303 357.525
-25.171 96.093 353.076 -24.877 96.18 351.65 -26.109 96.528 350.828 -22.902 94.429 351.379
-27.309 96.23 351.335 -28.525 96.602 350.62 -28.702 98.114 350.586 -29.738 95.93 351.263
-28.383 98.793 351.689 -28.416 100.251 351.698 -27.179 100.821 351.012 -29.011 101.004 353.392
-26.041 100.132 351.118 -24.814 100.539 350.444 -24.897 100.382 348.93 -21.443 100.817 352.097
-25.894 99.651 348.424 -25.956 99.265 347.013 -24.694 98.503 346.615 -29.297 101.396 347.073
-24.283 97.57 347.471 -23.038 96.856 347.299 -23.137 95.726 346.292 -22.217 97.11 347.809
-22.091 94.899 346.284 -21.977 93.795 345.331 -22.543 92.517 345.952 -19.935 94.809 344.347
-23.865 92.501 346.084 -24.567 91.32 346.571 -24.811 90.343 345.427 -25.784 91.792 347.759
