ASSMASEVGRRLAEFGDQVDGQFYQ
CCHHHHHHHHHHHHHHHHCCCCCCC
1.654 -48.872 -14.567 2.668 -48.713 -13.531 2.06 -48.279 -12.193 3.725 -47.714 -13.976
2.887 -48.285 -11.155 2.438 -47.965 -9.81 2.002 -46.508 -9.714 4.112 -47.807 -8.931
1.16 -46.226 -8.714 0.845 -44.839 -8.384 2.112 -44.056 -8.084 -0.667 -45.174 -7.257
3.084 -44.716 -7.45 4.319 -44.046 -7.064 5.064 -43.513 -8.28 6.466 -44.062 -4.988
5.112 -44.296 -9.361 5.818 -43.867 -10.565 5.188 -42.612 -11.156 5.839 -44.998 -11.596
3.856 -42.567 -11.219 3.191 -41.376 -11.743 3.367 -40.184 -10.807 1.619 -42.254 -12.347
3.353 -40.421 -9.495 3.514 -39.315 -8.555 4.94 -38.775 -8.569 2.804 -37.921 -6.438
5.932 -39.653 -8.727 7.312 -39.19 -8.856 7.467 -38.382 -10.136 8.761 -40.447 -8.484
6.917 -38.896 -11.237 6.981 -38.16 -12.49 6.359 -36.781 -12.378 7.395 -38.548 -13.314
5.175 -36.702 -11.763 4.511 -35.411 -11.615 5.359 -34.446 -10.795 2.028 -34.08 -8.853
5.996 -34.944 -9.734 6.793 -34.075 -8.875 8.059 -33.603 -9.58 7.159 -34.965 -4.893
8.685 -34.472 -10.376 9.853 -34.054 -11.145 9.487 -32.978 -12.158 11.238 -36.296 -11.246
8.326 -33.109 -12.796 7.927 -32.087 -13.752 7.683 -30.752 -13.065 6.687 -32.546 -14.509
7.19 -30.778 -11.827 6.89 -29.537 -11.12 8.133 -28.938 -10.471 3.862 -30.2 -9.906
8.977 -29.768 -9.853 10.27 -29.272 -9.394 11.108 -28.797 -10.572 10.048 -30.893 -6.409
10.99 -29.48 -11.714 11.665 -29.014 -12.913 11.215 -27.623 -13.32 12.344 -29.572 -13.391
9.899 -27.378 -13.283 9.379 -26.048 -13.596 9.909 -25.009 -12.62 7.288 -26.774 -14.697
10.005 -25.37 -11.337 10.542 -24.446 -10.344 12.012 -24.156 -10.599 9.104 -25.598 -7.527
12.783 -25.181 -10.975 14.189 -24.963 -11.301 14.309 -24.028 -12.495 15.406 -26.494 -11.335
13.516 -24.281 -13.541 13.623 -23.498 -14.767 13.245 -22.044 -14.53 13.108 -23.658 -17.175
12.243 -21.798 -13.684 11.807 -20.431 -13.449 12.901 -19.533 -12.904 10.868 -20.143 -13.639
13.905 -20.117 -12.246 15.006 -19.334 -11.7 15.93 -18.786 -12.78 14.849 -19.494 -9.125
15.951 -19.404 -13.962 16.731 -18.854 -15.064 16.17 -17.514 -15.511 17.842 -18.942 -18.286
14.851 -17.352 -15.43 14.172 -16.122 -15.798 14.054 -15.153 -14.626 12.888 -18.276 -18.626
14.78 -15.409 -13.536 14.711 -14.625 -12.301 13.319 -14.707 -11.69 16.468 -13.157 -13.987
