ISSAIQVGHQLALIGDEFNRAY
CCCHHHHHHHHHHHCHHHHCCC
24.409 36.997 -8.472 24.472 36.357 -7.147 25.676 35.41 -7.206 22.71 35.073 -6.195
26.305 35.302 -6.07 27.466 34.431 -5.996 27.053 32.997 -6.252 28.62 33.997 -4.568
27.899 32.28 -7.013 27.632 30.881 -7.282 27.77 30.031 -6.021 29.214 30.372 -8.256
28.251 30.609 -4.923 28.271 29.921 -3.621 26.91 29.861 -2.916 29.367 30.457 -2.668
25.908 30.593 -3.384 24.581 30.56 -2.775 23.757 29.469 -3.463 24.0 32.41 -2.132
23.42 28.413 -2.727 22.744 27.3 -3.378 21.371 27.731 -3.871 23.734 24.972 -1.17
20.88 27.078 -4.909 19.592 27.414 -5.47 18.461 27.179 -4.486 19.221 26.915 -7.291
18.457 26.063 -3.758 17.369 25.853 -2.816 17.336 26.923 -1.766 16.734 25.083 -2.881
18.529 27.377 -1.313 18.707 28.523 -0.387 18.007 29.776 -0.916 20.968 30.298 1.216
18.12 30.028 -2.205 17.44 31.155 -2.818 15.914 30.974 -2.777 19.601 31.55 -5.345
15.411 29.784 -3.062 13.973 29.553 -3.019 13.478 29.576 -1.574 13.52 28.153 -5.117
14.304 29.164 -0.624 13.858 29.196 0.765 13.656 30.63 1.201 14.901 28.55 1.685
14.527 31.53 0.778 14.362 32.949 1.076 13.094 33.506 0.458 16.792 34.021 1.287
12.793 33.148 -0.802 11.514 33.552 -1.393 10.358 33.064 -0.548 11.579 33.26 -3.733
10.423 31.821 -0.082 9.3 31.26 0.697 9.141 31.848 2.065 8.702 30.547 0.331
10.268 32.142 2.725 10.167 32.769 4.019 9.713 34.222 3.887 11.875 31.335 5.21
10.097 34.956 2.833 9.554 36.289 2.548 8.055 36.24 2.227 9.676 38.992 1.584
7.631 35.201 1.516 6.22 35.074 1.191 5.402 34.962 2.446 3.69 33.572 -0.538
5.931 34.252 3.432 5.223 34.215 4.709 5.085 35.594 5.302 6.152 32.03 5.31
6.161 36.394 5.253 6.085 37.718 5.862 5.067 38.584 5.132 8.498 41.232 5.912
5.151 38.623 3.794 4.269 39.456 2.983 2.795 39.107 3.182 4.674 39.311 1.498
2.483 37.831 3.393 1.087 37.393 3.646 0.79 37.031 5.112 0.674 37.034 0.002
