EVEALEKKVEALEWKVQKLEKKVEALEHGWDGR
CHHHHHHHHHHHHHHHHHHHHHHHHHHHCCCCC
42.127 6.408 3.453 40.863 6.059 2.818 40.238 4.825 3.463 40.257 5.394 -0.4
40.997 3.727 3.46 40.485 2.475 4.001 40.208 2.606 5.496 41.325 0.822 3.429
41.043 3.355 6.216 40.738 3.606 7.618 39.371 4.264 7.777 43.583 3.636 7.811
38.974 5.111 6.822 37.716 5.849 6.941 36.516 4.941 6.696 37.713 7.036 5.97
36.561 4.166 5.612 35.6 3.086 5.41 35.421 2.26 6.677 35.4 2.135 3.002
36.528 1.891 7.32 36.421 0.976 8.445 35.616 1.596 9.573 39.049 -0.936 8.539
35.752 2.909 9.77 35.008 3.564 10.843 33.54 3.749 10.472 37.049 5.608 12.876
33.263 4.146 9.225 31.896 4.166 8.712 31.221 2.805 8.862 32.306 6.627 6.099
31.913 1.742 8.459 31.331 0.408 8.551 31.023 0.063 10.006 32.148 -0.986 7.488
31.929 0.423 10.916 31.73 0.162 12.339 30.503 0.907 12.872 34.24 0.326 14.546
30.394 2.199 12.555 29.207 2.968 12.91 27.94 2.275 12.435 29.312 4.366 12.311
27.881 1.941 11.142 26.723 1.249 10.587 26.354 0.006 11.387 26.72 1.727 8.014
27.348 -0.8 11.771 27.044 -2.032 12.494 26.344 -1.728 13.811 29.878 -3.721 11.849
26.82 -0.717 14.534 26.149 -0.345 15.771 24.714 0.099 15.49 25.47 2.256 18.621
24.52 0.962 14.482 23.174 1.44 14.163 22.281 0.318 13.656 24.267 4.812 12.701
22.795 -0.512 12.744 21.992 -1.603 12.199 21.55 -2.543 13.309 22.585 -2.461 10.567
22.443 -2.821 14.272 22.064 -3.665 15.398 21.011 -3.002 16.273 23.938 -5.186 17.663
21.143 -1.696 16.503 20.109 -0.974 17.231 18.777 -1.058 16.483 20.109 2.389 18.682
18.803 -0.928 15.145 17.574 -1.025 14.351 16.916 -2.398 14.476 17.838 0.659 12.371
17.708 -3.475 14.406 17.143 -4.82 14.56 16.429 -4.982 15.9 19.544 -6.745 13.238
17.055 -4.526 16.982 16.422 -4.615 18.288 15.089 -3.882 18.296 19.495 -4.814 20.536
15.087 -2.638 17.836 13.854 -1.863 17.825 12.779 -2.521 16.964 14.751 1.44 18.448
13.168 -3.065 15.805 12.187 -3.625 14.875 11.608 -4.928 15.424 12.653 -3.6 12.979
12.443 -5.733 16.093 11.954 -6.954 16.732 11.009 -6.625 17.879 13.242 -9.051 15.686
11.335 -5.59 18.65 10.455 -5.157 19.732 9.096 -4.714 19.187 11.141 -4.037 20.516
9.104 -3.9 18.127 7.852 -3.517 17.489 7.092 -4.736 16.994 8.277 -1.12 16.454
7.791 -5.689 16.368 7.091 -6.828 15.774 6.5 -7.751 16.83 8.819 -7.808 13.126
7.211 -7.972 17.925 6.698 -8.855 18.962 5.886 -8.11 20.021 9.015 -10.944 18.294
5.732 -6.795 19.889 5.038 -6.002 20.891 5.671 -6.043 22.268 4.215 -5.484 20.658
6.997 -6.107 22.347 7.642 -6.202 23.654 7.457 -4.946 24.503 10.732 -8.495 22.09
7.389 -5.154 25.817 7.337 -4.048 26.768 6.193 -3.096 26.418 9.797 -4.192 27.114
5.067 -3.674 25.995 3.886 -2.92 25.618 3.932 -2.32 24.226 3.119 -2.824 26.252
3.37 -3.017 23.241 3.26 -2.488 21.879 2.17 -3.219 21.101 7.762 -1.553 21.24
