VIAQLTMIAMIGIAGPMIIFLLAVRRGNL
CHHHHHHHHHHHHHHHHHHHHHHHHCCCC
-20.005 -76.343 215.6 -18.887 -76.681 214.658 -19.243 -77.952 213.894 -17.065 -76.587 215.374
-19.163 -79.114 214.577 -19.338 -80.475 213.991 -20.831 -80.834 213.786 -17.809 -82.014 215.07
-21.691 -80.43 214.738 -23.119 -80.757 214.7 -23.761 -80.088 213.501 -23.839 -80.354 215.988
-23.554 -78.769 213.368 -24.096 -77.978 212.224 -23.586 -78.444 210.837 -24.046 -75.118 213.836
-22.284 -78.766 210.763 -21.662 -79.279 209.521 -22.118 -80.73 209.178 -19.504 -77.751 209.368
-22.269 -81.593 210.196 -22.856 -82.921 209.97 -24.318 -82.836 209.454 -22.497 -84.227 211.33
-25.132 -81.952 210.069 -26.547 -81.75 209.677 -26.579 -81.344 208.243 -27.417 -81.99 211.812
-25.912 -80.225 207.941 -26.007 -79.69 206.556 -25.446 -80.685 205.526 -25.579 -77.859 205.643
-24.553 -81.576 205.965 -24.046 -82.639 205.126 -25.138 -83.692 204.815 -22.813 -83.25 205.748
-25.889 -84.163 205.808 -27.0 -85.101 205.497 -28.21 -84.474 204.742 -27.005 -86.735 208.191
-28.624 -83.283 205.18 -29.634 -82.526 204.474 -29.1 -82.215 203.073 -30.471 -80.848 205.896
-27.812 -81.868 202.966 -27.252 -81.462 201.682 -27.22 -82.609 200.678 -26.935 -80.529 201.514
-26.911 -83.813 201.152 -26.84 -84.961 200.273 -28.239 -85.485 199.876 -25.561 -86.506 200.487
-29.288 -85.161 200.636 -30.585 -85.777 200.39 -31.054 -85.565 198.949 -31.642 -85.296 201.369
-30.912 -84.339 198.419 -31.387 -84.042 197.092 -30.657 -84.812 196.027 -32.126 -83.388 196.931
-29.31 -84.67 195.975 -28.555 -85.488 195.03 -28.754 -87.012 195.173 -27.576 -84.161 195.917
-28.998 -87.508 196.4 -29.276 -88.944 196.696 -30.561 -89.361 196.007 -28.368 -90.495 198.249
-31.588 -88.515 196.07 -32.862 -88.81 195.418 -32.627 -88.962 193.903 -34.644 -87.43 196.236
-31.843 -88.069 193.306 -31.642 -88.103 191.867 -30.826 -89.36 191.537 -31.654 -86.214 191.028
-29.813 -89.608 192.353 -28.937 -90.745 192.152 -29.716 -92.057 192.278 -26.248 -92.648 192.893
-30.529 -92.179 193.319 -31.3 -93.386 193.49 -32.202 -93.597 192.282 -31.503 -93.82 196.045
-32.865 -92.539 191.799 -33.707 -92.675 190.638 -32.951 -93.009 189.315 -35.85 -91.309 191.154
-31.778 -92.42 189.102 -30.988 -92.728 187.911 -30.594 -94.214 187.861 -29.746 -91.874 187.889
-30.187 -94.737 189.008 -29.806 -96.145 189.206 -31.0 -97.023 188.903 -28.829 -96.684 190.819
-32.181 -96.643 189.352 -33.406 -97.418 189.084 -34.092 -97.2 187.723 -34.942 -97.395 193.409
-33.503 -96.368 186.866 -34.132 -95.929 185.634 -35.507 -95.361 185.937 -32.529 -99.398 182.873
-35.584 -94.525 186.976 -36.865 -93.93 187.406 -37.315 -92.81 186.484 -37.362 -94.244 188.215
-38.463 -92.212 186.775 -39.087 -91.22 185.908 -38.511 -89.785 186.071 -41.354 -90.646 185.05
-37.22 -89.64 185.836 -36.586 -88.329 185.959 -37.017 -87.393 184.806 -34.944 -88.597 186.498
