MEPNPNRQPVELNRTSLYLGLLLILVLALLFSSYFFN
CCCCCCCCCCCCCHHHHHHHHHHHHHHHHHHHHHHCC
-0.54 -29.889 130.056 -0.164 -31.271 130.478 -1.306 -32.242 130.2 1.836 -30.722 131.587
-0.923 -33.49 129.944 -1.88 -34.57 129.92 -2.391 -34.705 131.345 -0.353 -36.5 127.789
-3.709 -35.048 131.494 -4.355 -35.094 132.825 -3.756 -36.184 133.739 -5.407 -35.696 131.381
-3.858 -35.993 135.042 -3.35 -36.952 135.995 -4.377 -38.116 136.199 -2.23 -37.044 138.212
-3.959 -39.357 135.921 -4.906 -40.503 135.989 -5.213 -40.986 137.436 -3.164 -40.899 135.444
-4.581 -40.359 138.427 -4.725 -40.746 139.844 -5.829 -39.987 140.553 -2.292 -41.366 140.004
-6.403 -38.981 139.885 -7.524 -38.208 140.408 -8.68 -39.138 140.724 -8.519 -34.752 138.809
-9.373 -38.856 141.795 -10.576 -39.596 142.172 -11.582 -38.552 142.675 -10.205 -42.304 142.447
-12.878 -38.749 142.366 -13.887 -37.878 143.045 -14.006 -38.186 144.533 -14.557 -39.112 141.789
-14.407 -37.196 145.279 -14.58 -37.249 146.739 -16.043 -37.158 147.01 -13.386 -36.181 147.722
-16.495 -37.837 148.064 -17.898 -37.839 148.458 -18.069 -37.667 149.986 -19.08 -40.885 148.633
-19.138 -36.995 150.355 -19.62 -36.97 151.723 -21.144 -37.039 151.578 -19.259 -35.493 153.891
-21.743 -38.117 152.038 -23.184 -38.269 151.931 -23.909 -37.419 153.039 -23.252 -40.574 153.002
-25.22 -37.294 152.944 -25.949 -36.478 153.875 -25.831 -36.964 155.307 -29.89 -35.367 152.724
-25.952 -38.283 155.499 -25.86 -38.821 156.849 -24.477 -38.48 157.505 -26.527 -40.586 157.236
-23.448 -38.504 156.682 -22.105 -38.229 157.134 -21.969 -36.754 157.448 -21.1 -39.359 155.993
-22.635 -35.913 156.648 -22.706 -34.476 156.993 -23.316 -34.291 158.367 -23.708 -32.267 155.961
-24.458 -34.911 158.583 -25.149 -34.798 159.865 -24.372 -35.333 161.033 -28.572 -34.296 158.115
-23.711 -36.465 160.818 -22.872 -37.051 161.867 -21.718 -36.13 162.164 -22.988 -39.686 161.617
-21.122 -35.578 161.097 -19.993 -34.709 161.254 -20.321 -33.387 161.964 -19.095 -34.988 160.913
-21.459 -32.777 161.569 -21.954 -31.589 162.236 -22.262 -31.844 163.726 -22.94 -30.115 160.29
-22.85 -32.986 164.041 -23.112 -33.327 165.435 -21.808 -33.464 166.22 -24.677 -35.011 166.712
-20.852 -34.187 165.667 -19.559 -34.313 166.318 -18.986 -32.941 166.65 -17.291 -35.571 166.008
-18.927 -32.096 165.651 -18.284 -30.791 165.768 -19.073 -29.898 166.756 -17.248 -30.122 164.144
-20.405 -29.82 166.605 -21.212 -29.014 167.491 -21.125 -29.496 168.969 -23.132 -28.024 166.026
-21.185 -30.805 169.222 -21.091 -31.332 170.582 -19.68 -31.154 171.144 -21.966 -33.018 170.939
-18.67 -31.394 170.325 -17.322 -31.066 170.778 -17.229 -29.579 171.2 -15.551 -32.708 169.67
-17.823 -28.712 170.416 -17.77 -27.275 170.719 -18.53 -26.961 171.987 -18.281 -26.441 169.562
-19.685 -27.589 172.129 -20.452 -27.426 173.381 -19.722 -27.885 174.619 -22.99 -27.751 173.906
-18.963 -28.975 174.474 -18.099 -29.481 175.517 -16.846 -28.61 175.785 -16.867 -31.798 176.015
-16.096 -28.235 174.73 -14.823 -27.564 174.916 -14.984 -26.06 175.133 -12.631 -29.977 174.194
-16.151 -25.495 174.778 -16.305 -24.024 174.842 -16.077 -23.454 176.242 -18.146 -23.928 174.553
-16.54 -24.161 177.291 -16.378 -23.695 178.669 -14.955 -23.526 179.038 -17.836 -24.618 179.586
-14.155 -24.398 178.472 -12.72 -24.46 178.783 -11.968 -23.374 178.053 -13.584 -27.838 180.125
-12.466 -23.108 176.842 -11.877 -22.016 176.01 -12.159 -20.624 176.632 -11.897 -24.071 173.204
-13.351 -20.443 177.185 -13.681 -19.233 177.978 -13.045 -19.206 179.344 -16.358 -18.276 176.037
-12.907 -20.364 179.969 -12.197 -20.518 181.25 -12.769 -19.529 182.308 -10.719 -20.659 182.235
