MENLSRRLKVTGDLFDIMSG
CCCHHHHHHHHHHHHHHHCC
6.71 -0.885 29.016 6.665 0.533 29.413 5.59 1.219 28.603 8.689 1.546 30.6
5.985 1.825 27.483 5.027 2.185 26.438 4.314 0.934 25.899 5.728 2.919 25.299
5.098 -0.126 25.734 4.596 -1.423 25.325 3.567 -1.949 26.323 5.749 -2.416 25.178
3.879 -1.851 27.611 2.957 -2.312 28.644 1.638 -1.529 28.59 3.009 -2.838 31.197
1.722 -0.203 28.516 0.498 0.602 28.496 -0.349 0.32 27.255 1.164 2.308 27.996
0.301 0.058 26.125 -0.436 -0.292 24.91 -1.159 -1.621 25.085 0.504 -0.344 23.693
-0.489 -2.594 25.694 -1.115 -3.882 25.937 -2.307 -3.74 26.881 2.801 -6.407 25.768
-2.137 -2.947 27.933 -3.233 -2.715 28.876 -4.386 -2.012 28.179 -2.087 -2.434 31.205
-4.056 -0.991 27.397 -5.074 -0.212 26.695 -5.91 -1.025 25.708 -4.416 2.959 25.213
-5.246 -1.769 24.828 -5.975 -2.53 23.815 -6.792 -3.663 24.449 -4.447 -3.083 22.667
-6.266 -4.272 25.509 -6.997 -5.326 26.206 -8.213 -4.703 26.89 -6.022 -6.614 27.256
-8.003 -3.531 27.484 -9.093 -2.806 28.113 -10.175 -2.433 27.117 -9.098 -2.594 29.09
-9.755 -1.955 25.95 -10.707 -1.508 24.935 -11.537 -2.659 24.399 -9.581 0.541 24.152
-10.895 -3.815 24.242 -11.582 -5.021 23.834 -12.628 -5.404 24.874 -11.213 -7.377 23.255
-12.233 -5.365 26.137 -13.145 -5.777 27.176 -14.324 -4.802 27.258 -13.136 -7.873 29.854
-14.115 -3.528 26.96 -15.247 -2.615 27.044 -16.174 -2.687 25.828 -15.784 -0.404 27.879
-15.639 -3.069 24.673 -16.494 -3.348 23.523 -17.313 -4.617 23.753 -15.82 -2.651 21.752
-16.704 -5.639 24.339 -17.449 -6.859 24.625 -18.603 -6.627 25.59 -15.655 -9.246 25.019
-18.45 -5.663 26.497 -19.492 -5.384 27.479 -20.7 -4.714 26.825 -18.974 -3.814 28.406
-20.471 -4.065 25.685 -21.528 -3.367 24.973 -22.52 -4.318 24.327 -21.567 -2.369 24.933
