ALPPEMVVARELRRIGDEFNRLYC
CCCHHHHHHHHHHHHHHHHHHHCC
16.255 19.195 21.589 15.945 20.543 21.028 16.609 20.735 19.688 16.397 21.604 21.951
17.926 20.634 19.677 18.603 20.627 18.4 18.166 19.404 17.597 21.087 21.542 18.988
18.107 19.504 16.264 17.812 18.296 15.464 18.847 17.232 15.742 17.929 19.921 14.511
18.409 15.982 15.965 19.362 14.89 16.134 20.306 14.797 14.962 17.542 14.453 16.403
19.83 15.129 13.756 20.681 14.97 12.573 21.889 15.917 12.632 18.035 14.439 11.704
21.711 17.091 13.23 22.796 18.073 13.38 23.799 17.619 14.438 22.104 20.636 12.554
23.31 17.053 15.528 24.23 16.602 16.582 25.034 15.412 16.092 23.515 16.521 18.353
24.351 14.44 15.508 25.005 13.252 14.984 26.021 13.628 13.914 23.898 11.689 14.565
25.649 14.512 13.006 26.567 14.899 11.924 27.843 15.547 12.463 25.841 15.821 10.936
27.725 16.369 13.504 28.915 16.997 14.008 29.884 15.918 14.481 28.104 19.798 17.038
29.362 14.923 15.183 30.234 13.865 15.684 30.804 13.052 14.516 29.999 13.995 18.153
29.971 12.711 13.545 30.47 11.905 12.427 31.506 12.65 11.575 28.432 10.394 12.038
31.381 13.966 11.4 32.443 14.681 10.714 33.774 14.496 11.43 30.643 18.359 10.417
33.774 14.661 12.76 34.992 14.527 13.55 35.588 13.113 13.448 34.923 13.587 17.469
34.747 12.076 13.579 35.212 10.686 13.508 35.689 10.363 12.091 33.61 9.374 14.738
34.893 10.753 11.129 35.231 10.54 9.733 36.575 11.147 9.367 34.624 10.045 9.111
36.839 12.372 9.835 38.138 12.995 9.55 39.294 12.283 10.247 37.294 15.254 9.031
39.071 11.801 11.464 40.107 11.062 12.16 40.365 9.73 11.468 40.432 10.633 15.426
39.31 9.055 11.028 39.48 7.845 10.227 40.154 8.148 8.881 38.117 4.983 9.048
39.797 9.281 8.287 40.414 9.669 7.028 41.913 9.886 7.206 40.116 11.196 5.131
42.3 10.581 8.275 43.705 10.899 8.53 44.51 9.655 8.864 43.782 11.926 9.66
43.951 8.767 9.673 44.73 7.651 10.169 44.83 6.544 9.14 44.421 7.737 12.752
43.745 6.301 8.401 43.654 5.136 7.54 43.456 5.444 6.051 42.658 3.427 10.787
43.032 6.647 5.667 42.818 6.961 4.23 43.917 7.795 3.535 40.762 7.132 4.286
