DMFCALKIKFFLEIGDEDAARKAAKKCGYSEEQAERII
CCCHHHEEEEHHHCCCHHHHHHHHHHCCCCHHHHHHHC
-6.162 -3.205 48.342 -6.508 -4.608 48.13 -7.146 -5.173 49.389 -5.269 -5.426 47.759
-6.472 -4.977 50.517 -7.049 -5.301 51.812 -8.111 -4.263 52.155 -6.871 -5.89 54.68
-7.782 -3.002 51.89 -8.703 -1.893 52.091 -9.99 -2.12 51.293 -9.479 1.419 52.041
-9.829 -2.524 50.036 -10.963 -2.769 49.153 -11.853 -3.86 49.737 -10.942 -2.78 47.07
-11.229 -4.909 50.261 -11.964 -6.017 50.856 -12.794 -5.533 52.038 -11.015 -7.11 51.289
-12.223 -4.627 52.824 -12.928 -4.098 53.986 -14.081 -3.21 53.566 -11.002 -3.967 55.719
-13.842 -2.431 52.52 -14.859 -1.548 51.964 -16.094 -2.37 51.561 -14.467 0.389 49.143
-15.856 -3.549 50.997 -16.944 -4.456 50.644 -17.711 -4.911 51.875 -16.146 -6.012 49.025
-16.994 -5.294 52.933 -17.687 -5.777 54.122 -18.405 -4.637 54.825 -17.536 -8.033 56.663
-17.844 -3.436 54.729 -18.536 -2.27 55.263 -19.879 -2.117 54.565 -19.011 1.031 55.736
-19.843 -2.153 53.238 -21.087 -1.996 52.5 -22.047 -3.109 52.883 -19.822 0.208 50.268
-21.578 -4.343 53.047 -22.463 -5.403 53.554 -22.993 -5.1 54.959 -21.526 -7.546 52.384
-22.125 -4.543 55.794 -22.472 -4.222 57.175 -23.605 -3.175 57.271 -21.39 -4.489 59.759
-23.687 -2.269 56.302 -24.707 -1.216 56.328 -25.945 -1.5 55.441 -23.536 0.597 55.23
-26.076 -2.712 54.899 -27.137 -2.978 53.927 -26.585 -2.534 52.588 -28.033 -3.372 54.131
-27.396 -2.107 51.636 -26.823 -1.667 50.355 -25.941 -2.776 49.76 -25.643 0.239 49.266
-26.593 -3.864 49.371 -25.935 -4.987 48.728 -25.296 -4.516 47.424 -27.351 -7.924 47.884
-25.869 -3.454 46.867 -25.466 -2.919 45.577 -24.036 -2.388 45.577 -26.239 -1.397 43.805
-23.746 -1.484 46.51 -22.408 -0.918 46.648 -21.378 -2.015 46.913 -22.384 0.123 47.761
-21.773 -3.007 47.707 -20.929 -4.168 47.957 -20.536 -4.832 46.636 -21.644 -5.162 48.872
-21.537 -5.107 45.801 -21.312 -5.721 44.492 -20.418 -4.857 43.609 -24.94 -7.765 43.97
-20.713 -3.561 43.564 -19.951 -2.64 42.726 -18.489 -2.628 43.138 -22.511 -0.255 41.802
-18.248 -2.537 44.445 -16.893 -2.46 44.967 -16.143 -3.74 44.636 -16.909 -2.214 46.466
-16.808 -4.877 44.824 -16.231 -6.178 44.498 -15.815 -6.269 43.025 -17.21 -7.285 44.841
-16.66 -5.767 42.126 -16.337 -5.769 40.699 -15.08 -4.943 40.418 -19.917 -5.852 39.257
-15.014 -3.744 40.995 -13.846 -2.87 40.868 -12.602 -3.439 41.554 -15.368 0.273 41.937
-12.798 -4.052 42.723 -11.698 -4.549 43.56 -10.808 -5.578 42.864 -12.448 -4.57 45.508
-11.446 -6.257 41.917 -10.932 -7.425 41.245 -11.624 -8.77 41.386 -10.109 -7.304 40.69
-12.782 -8.841 42.016 -13.407 -10.141 42.227 -14.281 -10.657 41.075 -12.818 -9.759 45.926
-14.642 -11.934 41.142 -15.431 -12.562 40.089 -16.92 -12.273 40.247 -15.59 -14.389 39.576
-17.572 -11.932 39.14 -19.002 -11.656 39.151 -19.745 -12.729 39.937 -19.545 -11.577 37.723
-19.395 -13.986 39.687 -20.03 -15.108 40.369 -19.514 -15.251 41.797 -19.798 -16.407 39.593
-18.201 -15.129 41.962 -17.58 -15.248 43.276 -18.02 -14.119 44.201 -16.055 -15.26 43.148
-18.635 -13.095 43.618 -19.167 -11.98 44.388 -20.527 -12.363 44.954 -19.281 -10.738 43.518
-21.226 -13.24 44.24 -22.518 -13.738 44.69 -22.346 -14.54 45.973 -23.166 -14.604 43.609
-21.229 -15.235 46.117 -20.983 -16.016 47.327 -20.677 -15.158 48.556 -19.859 -17.026 47.1
-19.752 -14.215 48.41 -19.458 -13.245 49.469 -20.729 -12.722 50.101 -18.634 -12.051 48.946
-21.586 -12.118 49.293 -22.88 -11.668 49.765 -23.642 -12.816 50.428 -23.908 -10.271 48.135
