NRRLQQTQAQVDEVVDIMRVNVDKVLERDQKLSELDDR
CHHHHHHHHHHHHHHHHHHCCHHHHHHHHHHHHHHCCC
-28.169 13.253 -68.456 -28.294 14.675 -68.104 -29.448 14.847 -67.113 -29.308 14.896 -70.38
-30.625 14.33 -67.487 -31.67 14.136 -66.49 -31.202 13.134 -65.443 -34.643 14.058 -64.253
-30.56 12.057 -65.874 -30.084 11.063 -64.925 -29.147 11.688 -63.905 -30.554 7.913 -64.111
-28.223 12.522 -64.371 -27.29 13.205 -63.478 -28.016 14.12 -62.487 -24.942 14.128 -64.027
-28.914 14.951 -62.991 -29.662 15.887 -62.136 -30.573 15.152 -61.129 -32.106 17.975 -63.202
-31.252 14.11 -61.581 -32.042 13.277 -60.677 -31.156 12.654 -59.602 -34.036 10.645 -61.403
-30.046 12.044 -60.02 -29.204 11.342 -59.058 -28.597 12.307 -58.061 -28.072 9.965 -59.761
-28.165 13.49 -58.53 -27.667 14.502 -57.587 -28.763 14.899 -56.587 -25.748 16.403 -57.102
-29.986 15.07 -57.073 -31.109 15.448 -56.194 -31.436 14.35 -55.167 -32.309 15.778 -57.074
-31.313 13.092 -55.578 -31.438 11.993 -54.631 -30.373 12.02 -53.579 -32.061 9.373 -56.598
-29.113 12.169 -54.019 -28.023 12.202 -53.055 -28.242 13.355 -52.064 -26.173 12.002 -53.723
-28.6 14.527 -52.588 -28.85 15.676 -51.712 -29.898 15.361 -50.649 -28.238 17.479 -53.343
-31.002 14.693 -51.045 -32.014 14.315 -50.057 -31.45 13.398 -48.981 -35.026 12.852 -50.273
-30.708 12.346 -49.374 -30.185 11.458 -48.328 -29.157 12.157 -47.454 -29.828 9.646 -48.896
-28.324 13.02 -48.046 -27.385 13.775 -47.209 -28.144 14.597 -46.179 -25.933 14.721 -48.104
-29.224 15.276 -46.601 -30.036 16.046 -45.649 -30.584 15.159 -44.531 -32.026 17.528 -45.518
-31.082 13.953 -44.895 -31.573 13.059 -43.838 -30.436 12.628 -42.921 -33.116 11.535 -44.821
-29.267 12.262 -43.497 -28.219 11.71 -42.644 -27.63 12.789 -41.768 -27.115 9.384 -43.146
-27.607 14.029 -42.252 -27.144 15.11 -41.389 -28.001 15.183 -40.132 -26.599 18.342 -43.432
-29.334 15.121 -40.309 -30.224 15.04 -39.139 -29.897 13.807 -38.281 -32.13 15.404 -39.387
-29.69 12.651 -38.928 -29.346 11.445 -38.164 -28.06 11.594 -37.38 -30.49 9.787 -39.647
-27.049 12.223 -37.977 -25.754 12.339 -37.297 -25.887 13.237 -36.059 -24.122 12.646 -38.36
-26.612 14.344 -36.2 -27.004 15.165 -35.039 -27.651 14.321 -33.923 -28.147 17.338 -34.572
-28.708 13.554 -34.281 -29.399 12.714 -33.295 -28.458 11.704 -32.653 -32.797 12.472 -35.114
-27.538 11.127 -33.429 -26.695 10.109 -32.801 -25.585 10.752 -31.976 -25.62 8.822 -33.839
-25.246 12.03 -32.226 -24.343 12.74 -31.315 -25.029 13.075 -29.985 -22.639 13.882 -32.905
-26.293 13.469 -30.018 -27.076 13.486 -28.774 -27.021 12.132 -28.074 -29.78 15.279 -29.696
-27.289 11.067 -28.829 -27.242 9.73 -28.24 -25.899 9.478 -27.584 -27.666 5.399 -29.503
-24.815 9.907 -28.246 -23.471 9.689 -27.72 -23.279 10.43 -26.407 -21.114 9.578 -28.501
-23.777 11.661 -26.342 -23.682 12.446 -25.121 -24.389 11.743 -23.961 -25.329 14.869 -24.087
-25.669 11.392 -24.147 -26.434 10.751 -23.076 -25.811 9.427 -22.619 -29.782 11.959 -24.388
-25.353 8.601 -23.56 -24.78 7.314 -23.193 -23.427 7.463 -22.498 -25.677 5.642 -24.958
-22.558 8.348 -23.005 -21.314 8.66 -22.302 -21.596 9.101 -20.871 -20.312 9.538 -23.674
-22.625 9.933 -20.686 -23.059 10.284 -19.341 -23.388 9.028 -18.527 -25.285 12.592 -18.498
-24.289 8.186 -19.032 -24.701 7.034 -18.236 -23.547 6.097 -17.903 -27.204 6.288 -18.684
-22.46 6.124 -18.68 -21.428 5.095 -18.649 -20.298 5.39 -17.665 -19.708 4.024 -20.079
-19.652 6.552 -17.783 -18.401 6.823 -17.073 -18.526 6.725 -15.548 -17.863 8.204 -17.471
-19.739 6.477 -15.04 -19.982 6.277 -13.608 -19.07 5.2 -13.022 -24.284 5.409 -13.682
