IDARFNVSRVAVMIVALQQRPDLLWEGTRDRLHQPYR
CCCCCCHHHHHHHHHHHHHCCCHHCCCCHHCCCCCCC
-23.709 -21.665 6.533 -23.506 -20.265 6.914 -22.356 -19.409 6.283 -23.24 -19.507 9.209
-21.27 -19.916 5.662 -20.95 -21.336 5.481 -19.449 -21.563 5.628 -22.497 -21.112 3.554
-19.072 -22.662 6.275 -17.658 -22.972 6.493 -16.938 -23.268 5.179 -17.512 -24.149 7.448
-15.651 -22.937 5.116 -14.853 -23.197 3.918 -13.355 -23.266 4.205 -14.845 -18.964 2.499
-12.619 -23.862 3.269 -11.179 -24.038 3.406 -10.423 -23.132 2.448 -11.33 -27.003 5.057
-11.061 -22.802 1.333 -10.453 -21.918 0.349 -10.883 -20.477 0.562 -10.533 -23.762 -1.311
-9.916 -19.618 0.858 -10.19 -18.202 1.071 -9.276 -17.34 0.224 -9.93 -18.15 2.995
-9.714 -16.123 -0.066 -8.872 -15.171 -0.779 -7.972 -14.437 0.199 -9.333 -13.616 -1.766
-6.717 -14.226 -0.187 -5.784 -13.499 0.673 -5.178 -12.309 -0.053 -4.831 -15.171 3.648
-5.889 -11.769 -1.044 -5.357 -10.656 -1.827 -4.95 -9.499 -0.917 -6.28 -10.137 -3.481
-5.701 -9.292 0.163 -5.38 -8.23 1.108 -3.97 -8.377 1.673 -6.397 -8.207 2.242
-3.63 -9.57 2.142 -2.303 -9.776 2.701 -1.261 -9.75 1.578 -2.041 -11.149 4.074
-1.603 -10.29 0.405 -0.711 -10.242 -0.751 -0.264 -8.81 -1.039 0.24 -11.593 -2.722
-1.227 -7.893 -1.028 -0.971 -6.475 -1.266 0.05 -5.916 -0.284 -2.993 -5.314 -1.767
-0.133 -6.215 0.997 0.772 -5.704 2.018 2.148 -6.357 1.919 0.1 -5.523 3.834
2.165 -7.644 1.598 3.416 -8.377 1.479 4.261 -7.849 0.324 3.148 -9.857 1.302
3.626 -7.596 -0.815 4.358 -7.081 -1.968 4.875 -5.663 -1.753 3.225 -8.241 -4.089
4.046 -4.793 -1.183 4.421 -3.386 -1.045 5.411 -3.1 0.103 1.582 -1.79 -1.896
5.359 -3.865 1.193 6.223 -3.559 2.342 6.621 -4.728 3.25 4.005 -1.988 4.334
6.031 -5.904 3.072 6.325 -7.015 3.984 6.531 -8.354 3.274 5.358 -7.233 7.77
7.668 -8.511 2.585 7.882 -9.732 1.798 7.938 -10.983 2.657 9.308 -8.498 1.851
8.1 -10.823 3.971 8.086 -11.97 4.869 6.674 -12.528 4.981 7.722 -10.754 7.002
5.701 -11.769 4.492 4.315 -12.209 4.517 3.876 -12.851 3.208 3.163 -10.712 6.22
4.812 -13.062 2.291 4.45 -13.63 0.994 3.843 -15.019 1.155 6.053 -12.541 -0.758
4.432 -15.826 2.032 3.926 -17.169 2.284 2.495 -17.134 2.825 3.536 -20.399 4.357
2.238 -16.227 3.77 0.879 -16.049 4.288 -0.07 -15.504 3.217 -0.511 -15.999 6.586
0.428 -14.584 2.391 -0.394 -13.955 1.368 -0.778 -14.902 0.245 -0.661 -12.993 1.429
-0.15 -16.072 0.228 -0.5 -17.112 -0.722 -1.107 -18.32 -0.014 1.243 -17.287 -1.561
-1.357 -18.203 1.295 -1.977 -19.295 2.041 -3.49 -19.307 1.803 -2.123 -19.98 6.561
-3.881 -19.871 0.664 -5.266 -19.877 0.189 -6.082 -21.03 0.734 -4.961 -18.746 -1.986
-5.401 -22.053 1.237 -6.098 -23.195 1.805 -5.751 -23.365 3.267 -7.929 -26.995 1.073
-6.793 -23.403 4.081 -6.647 -23.519 5.518 -6.755 -24.985 5.933 -7.866 -21.248 5.882
-6.204 -25.329 7.089 -6.304 -26.698 7.575 -7.485 -26.804 8.529 -4.583 -29.31 8.218
-7.916 -25.654 9.033 -9.141 -25.556 9.809 -10.129 -24.672 9.058 -9.163 -26.521 12.418
-11.384 -25.129 8.948 -12.432 -24.421 8.2 -12.692 -22.999 8.71 -12.976 -25.927 9.21
-12.917 -22.069 7.786 -13.249 -20.696 8.147 -14.757 -20.507 8.199 -12.899 -16.949 8.027
-15.266 -20.018 9.328 -16.695 -19.735 9.438 -16.972 -18.237 9.321 -18.402 -22.844 11.013
