ACEMCRLGLPHGSFFELLRDWKKIEEFRN
CCCCCCCCCCCCHHHHHHHCHHHHHHHHC
-19.872 25.366 -18.592 -20.04 26.649 -17.906 -18.844 27.581 -18.148 -20.239 26.422 -16.403
-18.551 27.884 -19.411 -17.293 28.52 -19.795 -17.495 29.965 -20.247 -15.856 28.106 -21.191
-16.742 30.877 -19.621 -16.882 32.31 -19.87 -16.453 32.686 -21.289 -16.026 34.94 -18.099
-15.293 32.186 -21.74 -14.871 32.44 -23.118 -15.873 31.886 -24.135 -12.22 32.939 -23.125
-16.545 30.77 -23.816 -17.608 30.287 -24.696 -18.784 31.249 -24.715 -17.586 28.245 -24.604
-19.178 31.743 -23.541 -20.319 32.643 -23.449 -20.003 33.983 -24.115 -21.391 34.744 -20.395
-18.734 34.392 -24.086 -18.273 35.622 -24.712 -17.927 35.471 -26.192 -17.218 36.886 -22.711
-17.945 34.258 -26.746 -17.63 34.102 -28.155 -16.179 34.323 -28.531 -18.349 33.864 -28.808
-15.227 34.289 -27.522 -13.804 34.554 -27.71 -13.047 33.269 -28.047 -13.353 36.595 -26.084
-11.989 33.344 -28.863 -11.199 32.138 -29.144 -10.406 31.704 -27.914 -10.656 33.715 -30.023
-10.357 30.384 -27.701 -9.7 29.736 -26.561 -9.647 28.237 -26.827 -12.558 29.368 -25.329
-8.925 27.528 -25.963 -8.815 26.087 -26.06 -7.588 25.645 -26.834 -9.494 25.479 -25.648
-7.439 24.324 -26.932 -6.194 23.759 -27.452 -5.95 24.134 -28.906 -6.45 22.068 -26.67
-7.01 24.227 -29.714 -6.822 24.544 -31.128 -6.418 25.991 -31.311 -8.486 21.797 -32.051
-6.986 26.895 -30.51 -6.554 28.283 -30.57 -5.113 28.433 -30.089 -6.887 31.594 -29.787
-4.755 27.767 -28.981 -3.383 27.856 -28.476 -2.395 27.263 -29.47 -3.882 28.734 -26.086
-2.764 26.152 -30.115 -1.884 25.59 -31.135 -1.702 26.57 -32.292 -1.597 23.428 -32.511
-2.793 27.204 -32.726 -2.716 28.184 -33.809 -1.726 29.3 -33.491 -4.434 29.797 -35.04
-1.858 29.922 -32.313 -0.971 31.036 -31.982 0.481 30.584 -31.882 -2.712 32.943 -28.568
0.72 29.422 -31.268 2.084 28.906 -31.149 2.673 28.583 -32.509 1.767 27.93 -28.906
1.856 28.006 -33.394 2.282 27.708 -34.754 2.703 28.97 -35.483 1.952 24.691 -37.159
1.921 30.04 -35.33 2.275 31.322 -35.937 3.598 31.849 -35.374 -0.369 33.255 -36.483
3.784 31.813 -34.05 5.067 32.254 -33.486 6.254 31.52 -34.121 4.094 32.828 -29.856
6.153 30.196 -34.27 7.256 29.423 -34.847 7.521 29.833 -36.294 7.024 27.134 -34.177
6.465 29.977 -37.103 6.653 30.272 -38.524 7.27 31.653 -38.73 4.457 29.999 -41.022
6.775 32.62 -37.964 7.284 33.982 -38.025 8.763 34.001 -37.648 4.716 35.702 -37.367
9.11 33.312 -36.563 10.5 33.253 -36.12 11.418 32.645 -37.172 12.905 32.263 -33.97
10.974 31.574 -37.847 11.818 30.911 -38.843 11.955 31.697 -40.147 11.397 26.855 -37.275
11.153 32.744 -40.358 11.281 33.588 -41.559 12.18 34.795 -41.317 8.992 32.999 -42.382
