NFVPCSICSNNPTCWAICKRI
CCCCCCCCCCCCCEEHHHCCC
4.605 24.966 20.79 5.467 23.806 20.609 4.635 22.536 20.428 6.415 23.655 21.801
5.276 21.477 19.943 4.597 20.221 19.663 5.516 19.062 20.028 6.088 20.206 16.6
4.932 17.873 20.107 5.681 16.653 20.404 6.107 16.04 19.074 4.96 15.42 21.725
7.409 15.895 18.803 7.837 15.323 17.52 7.851 13.8 17.569 9.187 16.098 18.557
7.43 13.158 16.477 7.308 11.699 16.542 8.658 11.005 16.691 5.698 11.383 15.241
9.751 11.684 16.343 11.079 11.094 16.427 11.462 10.661 17.845 12.099 12.692 16.288
10.82 11.198 18.889 11.178 10.823 20.262 10.171 9.882 20.908 10.798 12.633 21.276
9.158 9.427 20.18 8.07 8.71 20.845 8.426 7.292 21.291 6.368 9.462 19.937
9.544 6.726 20.844 10.027 5.433 21.385 8.903 4.404 21.257 10.81 5.079 23.06
8.563 3.73 22.334 7.544 2.699 22.334 6.23 3.132 22.987 8.457 1.676 24.4
5.987 4.431 23.06 4.868 4.951 23.828 3.653 5.216 22.959 4.367 6.777 25.414
2.578 4.453 23.141 1.419 4.637 22.256 0.754 5.988 22.367 1.401 3.087 23.32
0.699 6.598 23.567 0.036 7.884 23.708 0.794 8.943 22.931 -0.548 8.385 25.472
2.119 8.951 23.068 2.967 9.85 22.296 2.715 9.68 20.797 5.047 10.128 22.296
2.735 8.432 20.301 2.534 8.182 18.876 1.181 8.662 18.397 5.379 6.535 17.29
0.183 8.691 19.269 -1.134 9.153 18.83 -1.193 10.659 18.625 -2.205 8.727 19.83
-0.379 11.438 19.345 -0.517 12.895 19.329 0.669 13.6 18.697 -0.246 13.351 21.392
1.703 12.873 18.274 2.925 13.525 17.835 2.775 14.013 16.399 4.064 11.803 17.448
3.637 14.953 16.024 3.704 15.442 14.657 4.914 14.844 13.955 2.573 17.316 14.932
4.704 14.36 12.758 5.76 13.775 11.973 6.551 14.817 11.211 3.239 11.43 10.062
7.807 14.534 10.965 8.664 15.471 10.251 9.609 14.698 9.337 9.336 17.031 11.953
