NDFHFEVFNFVPCSICSNNPTCWAICKRIP
CCCCEEEEEEEECCHHCCCCCEEHHEECCC
70.825 -23.286 63.253 70.736 -22.02 62.539 71.408 -20.886 63.3 68.611 -22.672 61.493
72.117 -20.023 62.583 72.662 -18.825 63.197 71.504 -17.922 63.573 74.929 -18.59 62.27
71.58 -17.314 64.748 70.511 -16.44 65.198 70.808 -14.979 64.901 68.655 -14.962 67.613
69.832 -14.291 64.329 69.942 -12.852 64.144 68.718 -12.2 64.757 71.528 -13.688 61.538
68.941 -11.126 65.516 67.862 -10.562 66.313 66.761 -9.998 65.428 66.703 -7.862 68.049
67.124 -9.451 64.271 66.15 -8.777 63.427 65.368 -9.732 62.534 67.556 -5.852 62.81
65.822 -10.979 62.383 64.991 -11.986 61.73 63.793 -12.322 62.604 65.885 -13.504 60.89
63.961 -12.256 63.922 62.888 -12.574 64.848 62.163 -11.349 65.38 63.601 -15.821 65.529
62.731 -10.154 65.229 62.106 -8.926 65.723 62.172 -7.848 64.642 62.692 -9.448 68.072
61.057 -7.654 63.944 60.919 -6.6 62.954 59.528 -6.002 63.097 59.574 -8.898 60.81
59.304 -4.897 62.401 58.03 -4.187 62.435 57.273 -4.519 61.155 58.035 -2.329 62.992
56.09 -5.124 61.236 55.28 -5.293 60.027 54.855 -3.933 59.498 54.705 -6.221 61.577
54.915 -3.782 58.175 54.496 -2.534 57.547 53.006 -2.264 57.712 55.729 -2.415 55.87
52.21 -3.295 58.001 50.758 -3.169 58.052 50.255 -2.429 59.286 50.304 -4.942 58.543
51.115 -2.154 60.268 50.736 -1.336 61.417 51.302 0.081 61.322 51.877 -2.231 62.996
51.925 0.433 60.193 52.561 1.741 60.071 51.551 2.854 59.836 54.366 1.306 59.122
50.439 2.532 59.2 49.462 3.553 58.922 50.133 4.638 58.096 48.198 4.342 60.076
50.21 5.822 58.672 50.771 6.985 57.992 51.95 7.566 58.759 48.65 7.63 56.9
52.702 6.731 59.483 53.826 7.23 60.266 55.1 7.025 59.471 55.046 6.885 62.446
55.782 8.101 59.076 56.985 7.938 58.223 58.104 7.142 58.881 56.402 9.718 58.585
58.368 7.37 60.173 59.413 6.608 60.852 59.169 5.11 60.729 59.926 7.304 62.571
57.911 4.681 60.83 57.645 3.248 60.811 57.77 2.69 59.399 55.927 2.122 61.317
57.289 3.435 58.403 57.444 3.007 57.018 58.9 2.935 56.581 54.246 2.416 55.253
59.801 3.638 57.268 61.2 3.653 56.865 61.969 2.413 57.311 61.887 4.906 57.412
61.463 1.663 58.288 62.199 0.511 58.797 61.374 -0.768 58.748 62.202 1.095 60.776
60.073 -0.638 58.506 59.194 -1.797 58.502 59.542 -2.761 57.364 57.483 -1.024 57.618
58.957 -3.951 57.444 59.178 -5.017 56.479 57.826 -5.523 55.994 60.407 -8.351 56.498
57.695 -5.668 54.687 56.446 -6.035 54.062 56.208 -7.53 54.043 55.675 -2.806 51.385
54.972 -7.949 54.243 54.616 -9.347 54.237 53.496 -9.52 53.263 54.78 -10.081 56.117
53.634 -10.464 52.338 52.596 -10.716 51.333 51.797 -11.976 51.649 54.368 -11.033 50.795
