GSLVRKAFRHRLWAVITVQAYARGMIARR
CCHHHHHHHHHHHHHHHHHHHHHHHHHCC
28.807 -53.816 48.808 30.188 -53.953 49.357 30.374 -55.152 50.278 30.916 -53.306 49.13
29.279 -55.745 50.749 29.344 -56.947 51.561 29.31 -58.216 50.669 27.632 -57.252 52.27
29.22 -58.015 49.351 29.335 -59.072 48.373 30.742 -59.62 48.412 27.752 -58.004 46.602
31.693 -58.71 48.513 33.1 -59.022 48.67 33.357 -59.817 49.949 34.422 -57.585 48.362
32.661 -59.482 51.032 32.738 -60.23 52.28 32.227 -61.638 52.072 30.397 -58.893 55.462
31.148 -61.751 51.323 30.534 -63.029 51.063 31.449 -63.922 50.225 27.983 -62.541 50.605
32.105 -63.336 49.246 32.949 -64.047 48.348 34.226 -64.501 49.035 33.293 -63.177 47.171
34.792 -63.668 49.893 35.936 -64.101 50.667 35.633 -65.34 51.503 38.481 -63.499 52.848
34.503 -65.332 52.196 34.126 -66.436 53.071 33.907 -67.69 52.242 32.609 -65.302 54.854
33.213 -67.555 51.127 32.881 -68.682 50.304 34.164 -69.288 49.774 30.9 -69.986 48.213
35.039 -68.454 49.215 36.334 -68.958 48.729 37.128 -69.655 49.831 37.201 -66.532 45.34
37.116 -69.097 51.051 37.881 -69.637 52.156 37.306 -70.928 52.687 39.468 -68.226 53.066
35.987 -71.011 52.78 35.334 -72.226 53.25 35.589 -73.415 52.319 33.616 -71.473 56.404
35.767 -73.143 51.036 36.179 -74.174 50.101 37.596 -74.672 50.431 36.095 -73.677 48.679
38.487 -73.778 50.8 39.836 -74.177 51.185 39.801 -74.995 52.468 41.303 -72.877 51.034
39.04 -74.512 53.446 38.942 -75.19 54.754 38.351 -76.6 54.587 38.246 -73.587 56.399
37.405 -76.712 53.66 36.751 -77.958 53.362 37.703 -78.912 52.681 34.957 -77.854 52.659
38.457 -78.389 51.72 39.46 -79.186 51.021 40.494 -79.694 52.019 40.171 -78.601 49.329
40.952 -78.803 52.877 41.954 -79.192 53.855 41.404 -80.25 54.776 43.48 -76.324 54.656
40.114 -80.114 55.138 39.511 -81.043 56.069 39.419 -82.432 55.478 38.165 -80.552 56.512
39.206 -82.535 54.174 39.096 -83.867 53.555 40.437 -84.469 53.293 35.562 -82.9 52.526
41.409 -83.641 52.914 42.819 -84.098 52.782 43.343 -84.651 54.085 43.74 -82.997 52.302
43.073 -83.953 55.195 43.427 -84.478 56.499 42.714 -85.801 56.793 42.854 -80.908 58.496
41.438 -85.866 56.478 40.631 -87.048 56.715 41.032 -88.232 55.837 39.896 -87.047 57.393
41.413 -87.976 54.59 41.919 -89.031 53.719 43.23 -89.593 54.265 41.342 -87.673 50.938
44.109 -88.727 54.745 45.337 -89.173 55.387 44.965 -89.935 56.671 46.968 -87.426 55.268
43.909 -89.492 57.361 43.488 -90.135 58.61 42.955 -91.538 58.398 42.452 -89.304 59.317
42.228 -91.764 57.32 41.743 -93.112 56.997 42.933 -94.033 56.672 40.717 -93.073 55.854
43.765 -93.616 55.72 44.956 -94.389 55.32 46.107 -94.178 56.293 45.422 -93.982 53.92
