GPLQKAHSEISELYANLVYKLDVLSSV
CCHHHHHHHHHHHHHHHHHHHHHHHCC
28.507 10.517 49.864 29.639 10.962 50.656 30.83 11.341 49.788 29.604 11.002 51.655
32.037 11.12 50.318 33.246 11.715 49.709 33.419 11.442 48.22 33.48 10.754 51.32
33.059 10.253 47.756 33.195 9.959 46.342 32.189 10.755 45.506 33.433 7.763 44.953
30.931 10.837 45.957 29.922 11.64 45.267 30.311 13.112 45.235 27.621 13.264 46.039
30.88 13.622 46.327 31.302 15.016 46.326 32.464 15.236 45.361 30.349 15.609 49.744
33.415 14.296 45.315 34.493 14.385 44.337 33.943 14.379 42.914 35.484 13.24 44.545
32.969 13.501 42.634 32.321 13.448 41.319 31.573 14.746 40.992 32.322 10.248 41.141
30.794 15.271 41.943 30.048 16.497 41.668 30.979 17.661 41.364 28.714 16.298 42.98
32.111 17.744 42.065 33.059 18.818 41.792 33.621 18.715 40.376 36.011 19.439 43.134
33.938 17.5 39.93 34.429 17.322 38.571 33.338 17.647 37.548 35.829 15.422 38.431
32.082 17.279 37.825 31.019 17.545 36.858 30.779 19.04 36.69 29.77 16.163 37.262
30.857 19.8 37.785 30.653 21.241 37.678 31.791 21.899 36.915 29.35 21.992 40.664
33.032 21.459 37.152 34.168 22.052 36.453 34.139 21.724 34.964 36.115 22.148 38.269
33.783 20.484 34.611 33.731 20.128 33.197 32.579 20.825 32.485 33.415 17.958 30.18
31.405 20.895 33.125 30.287 21.631 32.543 30.652 23.094 32.338 29.047 21.523 33.434
31.344 23.69 33.309 31.761 25.07 33.136 32.735 25.204 31.98 32.757 26.993 34.259
33.605 24.204 31.784 34.528 24.252 30.659 33.773 24.161 29.339 36.673 22.985 29.839
32.824 23.227 29.246 31.987 23.115 28.058 31.293 24.44 27.783 30.845 21.537 27.897
30.779 25.077 28.834 30.085 26.35 28.676 31.026 27.425 28.133 28.794 29.562 30.37
32.238 27.521 28.693 33.183 28.551 28.257 33.58 28.388 26.791 35.44 29.469 31.16
33.859 27.152 26.353 34.221 26.941 24.953 33.03 27.194 24.036 36.002 25.035 25.302
31.822 26.822 24.488 30.618 26.997 23.684 30.373 28.472 23.361 28.208 26.434 23.672
30.55 29.362 24.348 30.381 30.797 24.122 31.372 31.329 23.082 30.181 32.008 25.646
32.576 30.751 23.007 33.604 31.23 22.092 33.402 30.762 20.654 35.739 31.466 23.591
32.629 29.705 20.428 32.425 29.143 19.098 30.959 29.199 18.702 32.673 27.313 19.568
30.262 30.263 19.084 28.85 30.391 18.763 28.568 31.853 18.463 27.996 30.261 20.496
27.477 32.101 17.739 27.151 33.451 17.274 26.042 34.1 18.116 26.245 33.528 15.54
