GPAVQFFKGKNGSADQVILVT
CCCEEECCCCCCCCCEEEEEC
-20.555 4.798 10.931 -20.381 3.987 12.172 -18.931 3.936 12.643 -21.144 3.533 12.632
-18.493 2.777 13.19 -17.141 2.73 13.815 -15.933 2.756 12.846 -18.228 1.179 14.018
-14.868 3.389 13.304 -13.651 3.446 12.541 -12.476 3.425 13.481 -13.66 4.666 11.679
-11.399 2.801 13.043 -10.222 2.655 13.846 -9.022 3.163 13.026 -9.987 0.999 14.803
-8.231 4.014 13.636 -7.147 4.716 12.99 -5.839 4.186 13.547 -6.31 7.197 11.959
-4.9 3.849 12.669 -3.575 3.369 13.063 -2.544 4.438 12.741 -0.951 1.243 12.49
-1.59 4.644 13.648 -0.396 5.48 13.389 0.856 4.664 13.614 -2.187 8.292 13.707
1.706 4.598 12.624 2.973 3.935 12.815 3.908 4.846 13.609 4.796 2.481 10.162
4.603 4.257 14.579 5.508 5.0 15.451 6.838 5.175 14.764 5.26 5.332 16.361
7.251 4.127 14.045 8.357 4.155 13.057 9.742 3.784 13.652 9.021 5.673 9.733
10.644 4.762 13.83 11.939 4.571 14.477 11.777 4.736 15.988 13.85 5.047 12.888
11.569 5.981 16.425 11.557 6.318 17.842 10.266 5.966 18.565 12.351 6.746 18.273
9.134 6.358 17.994 7.83 6.134 18.664 7.398 4.664 18.508 6.24 7.21 18.596
6.397 4.235 19.281 5.716 2.955 19.039 4.317 3.188 18.454 5.628 2.136 20.308
3.777 2.137 17.849 2.545 2.225 17.075 1.35 2.467 17.97 3.405 0.675 15.365
0.324 3.117 17.439 -0.879 3.463 18.193 -2.117 3.188 17.365 0.067 6.4 19.516
-3.209 2.895 18.054 -4.498 2.695 17.432 -5.51 3.526 18.197 -5.131 0.901 17.027
-6.414 4.206 17.486 -7.428 5.056 18.11 -8.785 4.727 17.563 -6.523 6.984 17.978
-9.74 4.518 18.46 -11.109 4.37 18.063 -11.659 5.754 17.748 -13.357 3.359 18.935
-12.234 5.866 16.564 -12.871 7.059 16.089 -14.369 6.766 15.936 -11.965 7.972 14.631
-15.168 7.836 15.932 -16.63 7.786 15.747 -17.365 6.93 16.807 -16.736 7.215 13.863
