TSIVEMMQMPTQQLKQSVMDLLTYEGS
CCHHHHHCCCHHHHHHHHHHHHHHCCC
13.6 -21.722 12.504 13.924 -20.305 12.625 15.276 -20.097 13.31 12.289 -19.722 13.476
15.753 -18.854 13.3 17.091 -18.522 13.786 17.069 -17.965 15.212 17.478 -16.858 12.978
18.24 -17.85 15.834 18.302 -17.323 17.201 17.859 -15.863 17.227 20.313 -18.046 18.296
18.36 -15.069 16.288 17.939 -13.676 16.209 16.424 -13.588 16.092 18.889 -12.449 15.045
15.832 -14.429 15.25 14.388 -14.366 15.037 13.637 -14.685 16.321 14.019 -15.667 11.99
14.122 -15.682 17.046 13.444 -16.106 18.259 13.539 -15.054 19.342 14.496 -19.104 18.23
14.584 -14.241 19.293 14.782 -13.252 20.346 14.11 -11.914 20.062 16.544 -14.094 21.979
13.444 -11.78 18.915 12.848 -10.49 18.556 11.813 -10.018 19.581 12.503 -10.991 15.256
10.843 -10.871 19.895 9.791 -10.478 20.841 10.33 -10.278 22.273 6.682 -11.566 21.558
11.157 -11.203 22.798 11.674 -10.945 24.152 12.573 -9.711 24.27 12.171 -12.578 23.347
13.301 -9.38 23.209 14.101 -8.16 23.18 13.198 -6.941 23.298 15.49 -7.971 21.842
12.12 -6.935 22.522 11.184 -5.819 22.561 10.587 -5.664 23.946 10.764 -4.672 20.225
10.241 -6.768 24.582 9.543 -6.647 25.851 10.503 -6.195 26.923 7.883 -9.492 25.414
11.737 -6.681 26.857 12.763 -6.252 27.801 13.067 -4.766 27.591 15.037 -7.14 28.721
13.248 -4.355 26.337 13.425 -2.941 26.027 12.289 -2.118 26.624 13.007 -1.296 22.835
11.062 -2.563 26.374 9.88 -1.841 26.831 9.885 -1.682 28.35 7.371 -1.098 25.859
10.23 -2.753 29.058 10.155 -2.73 30.521 11.232 -1.831 31.126 10.918 -4.4 31.051
12.393 -1.744 30.473 13.456 -0.845 30.933 13.061 0.609 30.696 15.326 -1.219 30.457
12.585 0.916 29.495 12.21 2.292 29.183 11.041 2.779 30.055 13.263 3.232 27.084
10.078 1.9 30.325 8.939 2.243 31.17 9.39 2.646 32.567 7.146 0.898 30.119
10.386 1.938 33.087 10.88 2.257 34.425 11.684 3.548 34.395 12.433 1.018 36.27
12.514 3.728 33.374 13.42 4.881 33.376 12.728 6.183 33.004 15.796 3.901 32.859
11.589 6.095 32.33 10.859 7.315 31.975 9.74 7.643 32.983 10.326 6.769 30.163
9.718 6.946 34.117 8.785 7.274 35.188 9.173 8.62 35.78 7.372 6.866 38.708
8.199 9.513 35.913 8.487 10.898 36.278 8.779 11.09 37.76 5.457 12.271 36.146
8.359 10.137 38.581 8.538 10.262 40.014 7.273 10.711 40.717 9.413 10.066 40.456
7.386 10.962 42.016 6.221 11.255 42.844 5.879 12.743 42.882 7.085 10.944 44.504
