SIVDEFEELGEQESDIDEFDLLEG
CHHHHHHHHCCCCCCCCHHHHCCC
122.872 122.972 136.174 123.809 122.376 135.225 123.235 122.418 133.809 124.472 120.574 135.142
122.069 123.06 133.639 121.569 123.402 132.311 121.661 124.903 132.141 119.267 122.781 132.383
121.924 125.308 130.904 122.08 126.702 130.528 121.118 126.985 129.384 123.879 127.424 130.327
120.381 128.086 129.493 119.549 128.587 128.406 119.917 130.036 128.142 117.636 127.112 128.814
120.384 130.316 126.933 120.865 131.638 126.569 119.812 132.315 125.699 123.718 132.438 124.995
119.349 133.487 126.126 118.357 134.275 125.401 119.012 135.525 124.841 115.844 132.738 127.052
118.777 135.815 123.567 119.337 137.034 123.019 118.259 138.108 123.063 120.63 137.66 120.014
118.629 139.331 123.445 117.643 140.405 123.494 117.631 141.123 122.149 118.042 141.67 126.591
116.457 141.147 121.521 116.242 141.716 120.202 115.817 143.179 120.314 115.548 139.662 118.804
115.887 143.883 119.188 115.415 145.251 119.151 116.319 146.202 119.887 114.572 145.506 118.677
117.536 145.765 120.194 118.516 146.566 120.916 119.462 147.23 119.92 120.934 146.546 122.367
119.225 148.515 119.663 120.107 149.369 118.882 120.43 150.489 119.848 118.577 149.403 115.912
121.686 150.9 119.934 122.804 150.428 119.15 123.974 149.93 120.018 123.086 152.447 116.602
125.001 149.308 119.423 125.115 149.051 117.981 125.638 147.682 117.64 126.124 149.944 116.634
126.957 147.589 117.691 127.657 146.354 117.409 127.749 145.444 118.625 129.035 147.204 115.552
127.173 145.835 119.758 127.175 145.004 120.955 125.823 144.325 121.097 128.259 146.186 122.714
125.848 143.008 121.263 124.66 142.196 121.499 124.522 141.815 122.961 124.73 141.155 119.264
123.276 141.718 123.423 123.002 141.281 124.79 122.357 139.912 124.909 122.218 143.794 126.685
122.973 139.113 125.741 122.465 137.807 126.023 122.161 137.732 127.505 123.91 136.838 123.162
121.092 137.031 127.814 120.758 136.686 129.182 120.965 135.191 129.321 119.102 138.462 129.372
121.873 134.802 130.204 122.264 133.412 130.368 121.614 132.923 131.657 124.647 132.21 130.057
120.734 131.936 131.54 120.061 131.366 132.697 120.712 130.028 132.985 117.66 132.313 132.415
121.254 129.895 134.176 121.945 128.69 134.579 121.121 128.04 135.683 124.953 128.388 135.943
120.552 126.881 135.379 119.753 126.136 136.333 120.231 124.704 136.397 119.002 126.54 136.856
