LLHIQVSPTKSSNLDAQVNTEQAYSQPFRY
CCEEEECCCCCCCCCCEECHHHHHHCCCCC
5.384 -61.04 131.143 6.477 -60.139 130.797 5.94 -58.93 130.034 8.898 -60.381 129.911
5.984 -57.768 130.678 5.312 -56.574 130.173 6.132 -55.777 129.158 3.831 -55.954 132.257
7.45 -55.76 129.324 8.305 -54.97 128.443 9.568 -55.716 128.027 6.971 -52.356 129.636
10.136 -55.303 126.898 11.433 -55.797 126.451 12.492 -54.717 126.646 11.316 -57.204 124.958
13.585 -55.071 127.311 14.672 -54.128 127.539 16.019 -54.844 127.541 15.161 -51.96 130.07
16.923 -54.42 126.662 18.243 -55.038 126.57 19.372 -54.09 126.98 18.164 -55.569 124.696
19.065 -52.801 127.083 20.035 -51.821 127.564 19.573 -51.25 128.898 20.62 -50.916 125.992
20.521 -50.813 129.744 20.125 -50.182 131.009 19.311 -48.913 130.768 21.968 -50.174 130.608
18.421 -48.589 131.701 17.56 -47.416 131.583 18.376 -46.14 131.416 16.073 -47.281 132.81
19.409 -45.999 132.238 20.32 -44.867 132.152 21.591 -45.278 131.427 19.017 -42.523 134.152
22.245 -44.322 130.778 23.556 -44.586 130.207 24.593 -44.548 131.321 24.146 -42.973 129.383
25.733 -45.188 131.095 26.786 -45.217 132.1 27.501 -43.877 132.158 27.534 -46.958 132.041
28.166 -43.6 133.273 28.935 -42.371 133.369 30.214 -42.493 132.563 30.182 -42.945 135.435
30.664 -41.376 132.013 31.942 -41.342 131.33 33.051 -41.498 132.348 31.364 -39.692 129.425
34.168 -42.07 131.925 35.325 -42.134 132.795 35.968 -40.763 132.88 36.012 -44.492 132.732
36.376 -40.389 134.085 37.116 -39.155 134.286 38.37 -39.171 133.424 37.473 -38.98 135.75
38.759 -38.011 132.917 39.948 -37.952 132.084 40.986 -36.988 132.631 39.176 -38.439 128.896
42.237 -37.265 132.29 43.37 -36.511 132.795 43.769 -35.407 131.825 44.812 -37.604 133.541
44.116 -34.245 132.364 44.779 -33.226 131.569 46.281 -33.405 131.735 44.796 -30.775 131.094
46.958 -33.739 130.642 48.385 -34.032 130.695 49.241 -32.824 130.338 48.394 -35.524 129.464
48.605 -31.67 130.148 49.344 -30.443 129.863 50.308 -30.128 130.998 48.283 -27.312 129.389
51.542 -29.803 130.637 52.597 -29.606 131.617 52.848 -28.132 131.901 54.568 -32.117 131.116
53.09 -27.821 133.169 53.423 -26.462 133.569 54.931 -26.256 133.541 52.871 -26.161 134.951
55.353 -25.052 133.177 56.765 -24.706 133.207 56.989 -23.534 134.147 57.632 -26.726 130.153
58.224 -23.384 134.609 58.557 -22.34 135.567 58.358 -20.935 135.013 60.196 -21.949 136.436
58.21 -19.981 135.924 58.251 -18.569 135.579 59.679 -18.21 135.176 55.837 -17.689 136.47
59.868 -17.044 134.537 61.234 -16.574 134.279 62.078 -16.535 135.552 59.855 -15.538 133.546
63.315 -17.017 135.467 64.221 -17.023 136.613 64.983 -15.707 136.74 64.182 -20.433 136.515
64.836 -15.039 137.879 65.575 -13.808 138.127 66.865 -14.11 138.881 62.741 -11.209 140.089
67.831 -13.202 138.786 69.118 -13.383 139.449 69.844 -12.054 139.631 70.316 -13.688 135.863
