TSLIHSLIEESQNQQEKNEQELLELD
CHHHHHHHHHHHHHHHHHHHHHHHCC
16.339 14.721 23.628 15.244 15.167 22.766 15.775 15.651 21.43 14.518 16.515 23.923
16.899 16.367 21.476 17.504 16.832 20.235 18.064 15.662 19.439 18.294 18.444 20.842
18.595 14.649 20.132 19.021 13.429 19.456 17.828 12.721 18.827 20.45 11.292 20.016
16.703 12.674 19.543 15.508 12.019 19.024 14.954 12.783 17.826 14.187 11.31 20.875
14.867 14.113 17.94 14.312 14.916 16.852 15.103 14.73 15.563 12.478 16.84 18.491
16.436 14.699 15.659 17.26 14.482 14.473 17.049 13.087 13.883 18.942 14.324 15.354
16.89 12.063 14.731 16.67 10.711 14.216 15.332 10.597 13.489 17.979 9.112 15.858
14.287 11.212 14.039 12.974 11.19 13.396 13.012 11.943 12.071 11.401 11.022 14.669
13.746 13.05 12.024 13.94 13.745 10.756 14.595 12.844 9.719 14.751 16.84 11.703
15.655 12.131 10.109 16.269 11.199 9.171 15.283 10.107 8.766 19.126 9.488 9.333
14.519 9.565 9.727 13.544 8.517 9.4 12.494 9.018 8.412 13.267 7.544 11.021
12.048 10.266 8.561 11.036 10.789 7.647 11.572 10.896 6.223 8.653 11.676 8.731
12.813 11.358 6.066 13.417 11.421 4.737 13.565 10.03 4.139 14.72 13.456 5.283
14.03 9.073 4.945 14.204 7.712 4.446 12.867 7.091 4.076 16.095 5.784 4.277
11.824 7.383 4.85 10.518 6.816 4.529 10.033 7.326 3.179 8.476 5.434 5.551
10.233 8.621 2.916 9.887 9.187 1.617 10.678 8.526 0.496 9.999 12.333 2.736
11.984 8.308 0.704 12.785 7.638 -0.316 12.267 6.224 -0.579 16.208 9.162 0.57
11.998 5.456 0.485 11.546 4.075 0.295 10.204 4.032 -0.421 12.713 3.172 2.307
9.312 4.957 -0.093 8.018 4.969 -0.76 8.157 5.329 -2.237 6.106 6.071 1.728
9.048 6.266 -2.568 9.33 6.544 -3.974 9.887 5.306 -4.665 10.218 8.282 -6.002
10.81 4.603 -4.002 11.407 3.414 -4.604 10.385 2.304 -4.784 14.124 3.534 -4.716
9.498 2.121 -3.803 8.472 1.091 -3.914 7.534 1.375 -5.074 6.742 -0.058 -2.294
7.094 2.626 -5.206 6.222 2.979 -6.32 6.92 2.739 -7.657 4.618 5.028 -6.88
8.196 3.123 -7.762 8.92 2.919 -9.009 9.148 1.439 -9.282 11.922 4.115 -9.906
9.288 0.638 -8.227 9.459 -0.798 -8.418 8.186 -1.423 -8.971 10.431 -2.776 -7.016
7.033 -1.03 -8.433 5.741 -1.542 -8.89 5.466 -1.191 -10.348 4.515 -1.699 -6.754
