GRIGYCFDCARACMRRGKYIRTCSFERKLCRCSISDI
CCCCHHHHHHHHHHHCCCCEEECCHHCCHHCCCCCCC
0.95 36.876 70.089 2.291 36.396 69.812 2.461 34.883 69.773 3.032 37.05 69.661
3.678 34.457 69.44 3.948 33.036 69.262 3.835 32.27 70.578 6.698 30.053 69.029
4.314 32.854 71.68 4.324 32.127 72.95 2.902 31.896 73.451 6.128 32.968 74.274
2.039 32.909 73.337 0.651 32.734 73.732 -0.102 31.779 72.822 0.266 33.207 74.524
0.191 31.825 71.521 -0.446 30.894 70.597 -0.112 29.455 70.97 -1.116 29.321 67.256
1.16 29.181 71.255 1.552 27.811 71.553 1.148 27.373 72.963 3.226 27.746 70.409
0.967 28.313 73.895 0.261 28.013 75.144 -1.172 27.544 74.877 -1.219 29.138 78.032
-1.913 28.271 74.029 -3.271 27.833 73.718 -3.266 26.498 72.978 -4.302 30.07 73.637
-2.254 26.265 72.136 -2.117 24.964 71.482 -1.877 23.858 72.504 -0.82 24.236 69.99
-1.007 24.106 73.491 -0.766 23.084 74.508 -2.039 22.762 75.281 0.348 23.526 75.457
-2.832 23.785 75.603 -4.092 23.57 76.305 -5.076 22.763 75.458 -5.537 27.127 77.44
-5.182 23.081 74.165 -6.055 22.316 73.275 -5.678 20.842 73.245 -6.007 22.895 71.871
-4.379 20.54 73.139 -3.935 19.15 73.164 -4.268 18.485 74.494 -2.239 19.33 72.022
-4.037 19.189 75.612 -4.418 18.66 76.925 -5.908 18.334 76.989 -3.127 20.122 79.345
-6.754 19.184 76.403 -8.19 18.919 76.462 -8.567 17.684 75.655 -8.923 23.103 75.764
-7.813 17.383 74.602 -7.995 16.145 73.859 -7.257 14.975 74.485 -8.594 18.507 70.35
-6.547 15.19 75.59 -5.814 14.115 76.226 -4.531 13.714 75.528 -6.159 13.692 77.064
-3.899 14.639 74.805 -2.686 14.386 74.039 -1.579 15.327 74.486 -4.191 12.484 71.963
-0.376 15.051 73.986 0.768 15.936 74.128 0.817 16.891 72.945 2.371 13.324 76.414
1.253 18.123 73.196 1.553 19.004 72.074 2.767 18.453 71.336 2.177 21.307 72.296
2.722 18.486 69.998 3.818 18.002 69.158 4.389 19.054 68.222 4.319 14.494 70.328
3.536 19.866 67.605 3.931 20.846 66.6 3.174 22.137 66.857 3.987 20.192 64.789
3.879 23.268 66.822 3.212 24.559 66.946 3.939 25.587 66.095 2.653 25.755 68.514
3.226 26.194 65.138 3.756 27.29 64.323 2.785 28.46 64.368 4.118 27.452 62.48
3.218 29.573 64.96 2.369 30.761 65.004 2.18 31.359 63.615 1.774 33.975 66.002
3.244 31.426 62.823 3.11 32.086 61.529 2.248 31.281 60.562 6.241 31.676 60.423
2.229 29.957 60.69 1.377 29.122 59.859 0.068 28.765 60.539 5.102 27.651 58.143
-0.142 29.222 61.775 -1.306 28.845 62.575 -1.531 27.336 62.518 -1.946 31.752 63.169
-0.468 26.598 62.808 -0.509 25.145 62.859 -0.36 24.668 64.298 0.604 23.093 61.726
-1.296 23.83 64.738 -1.246 23.197 66.049 -1.543 21.724 65.843 -2.344 23.411 67.8
-0.596 20.856 66.209 -0.79 19.414 66.119 -0.455 18.771 67.453 0.527 18.661 61.668
-1.236 17.76 67.82 -1.0 16.966 69.01 -0.515 15.568 68.634 -2.752 17.624 69.934
-0.081 14.841 69.657 0.309 13.449 69.512 -0.901 12.569 69.204 0.53 12.908 71.332
-0.622 11.401 68.632 -1.652 10.37 68.542 -1.74 9.573 69.844 -1.468 9.439 66.352
-0.617 9.381 70.533 -0.609 8.708 71.823 -1.244 9.589 72.905 1.199 8.921 72.368
-1.556 8.965 74.047 -2.262 9.606 75.15 -1.3 10.017 76.259 -4.424 8.456 74.833
-1.679 11.058 76.992 -0.872 11.547 78.107 -0.862 10.549 79.263 -1.388 12.902 78.584
