ELTWEEWEKKIEEYTKKIEEILK
CCCHHHHHHHHHHHHHHHHHHHC
41.563 -22.261 -27.734 42.391 -21.325 -26.979 42.373 -19.992 -27.689 45.065 -23.16 -26.169
42.236 -18.919 -26.935 42.123 -17.586 -27.5 43.451 -16.846 -27.507 39.712 -16.723 -26.796
43.633 -16.005 -28.522 44.65 -14.967 -28.43 44.095 -13.793 -27.624 44.869 -14.618 -30.316
44.999 -12.967 -27.089 44.535 -11.786 -26.361 43.783 -10.833 -27.278 45.612 -11.744 -22.771
44.161 -10.79 -28.556 43.422 -9.975 -29.516 41.992 -10.474 -29.665 46.058 -9.983 -30.322
41.813 -11.8 -29.774 40.467 -12.363 -29.863 39.695 -12.142 -28.572 41.129 -15.229 -31.488
40.374 -12.27 -27.434 39.752 -11.962 -26.156 39.206 -10.538 -26.14 40.262 -10.657 -22.492
40.021 -9.568 -26.563 39.588 -8.172 -26.532 38.369 -7.958 -27.426 41.342 -5.391 -27.255
38.327 -8.636 -28.578 37.205 -8.471 -29.495 35.914 -9.023 -28.892 36.544 -9.366 -33.148
35.98 -10.216 -28.302 34.782 -10.827 -27.729 34.298 -10.07 -26.494 35.415 -14.263 -28.79
35.22 -9.552 -25.678 34.823 -8.678 -24.569 33.951 -7.542 -25.09 36.232 -8.468 -22.909
34.443 -6.842 -26.111 33.706 -5.703 -26.648 32.391 -6.149 -27.286 33.854 -3.119 -27.983
32.39 -7.297 -27.969 31.151 -7.803 -28.567 30.097 -8.085 -27.502 32.442 -9.723 -31.0
30.47 -8.776 -26.423 29.47 -9.023 -25.387 29.09 -7.748 -24.646 29.694 -12.758 -25.524
30.038 -6.831 -24.441 29.691 -5.573 -23.787 28.644 -4.815 -24.596 31.131 -4.495 -23.089
28.843 -4.72 -25.916 27.883 -3.99 -26.742 26.52 -4.667 -26.725 29.643 -1.985 -27.37
26.498 -6.004 -26.745 25.228 -6.726 -26.693 24.484 -6.451 -25.391 24.16 -10.413 -26.94
25.199 -6.467 -24.265 24.565 -6.216 -22.971 24.02 -4.796 -22.92 25.973 -7.091 -21.296
24.851 -3.826 -23.306 24.443 -2.426 -23.282 23.23 -2.198 -24.164 27.453 -0.925 -23.268
23.185 -2.855 -25.321 22.01 -2.716 -26.169 20.771 -3.271 -25.47 21.367 -3.857 -29.225
20.896 -4.44 -24.83 19.764 -5.022 -24.108 19.333 -4.104 -22.976 20.126 -7.361 -23.806
20.289 -3.647 -22.167 19.928 -2.763 -21.066 19.44 -1.404 -21.554 21.506 -3.63 -19.181
19.629 -1.1 -22.84 19.18 0.131 -23.491 19.954 1.335 -22.972 16.59 -0.052 -25.068
