VEEEWVIVSDEEIEEARQKAPLEITE
CCCEEEEECHHHHHHHHHHCCCCCCC
17.239 83.145 3.002 16.25 82.555 3.886 16.912 81.954 5.129 14.844 81.51 3.049
16.327 82.229 6.297 16.87 81.794 7.578 16.085 80.615 8.149 17.983 84.543 8.812
16.768 79.811 8.949 16.163 78.624 9.537 15.104 79.009 10.56 18.795 76.57 9.87
13.944 78.39 10.455 12.902 78.635 11.436 12.977 77.672 12.61 11.074 80.392 10.544
13.494 76.474 12.393 13.309 75.383 13.332 14.629 75.013 13.982 9.764 74.341 13.208
14.634 75.031 15.31 15.764 74.562 16.098 15.724 73.045 16.116 16.134 75.43 17.798
16.806 72.426 15.68 16.949 70.99 15.829 17.664 70.751 17.154 17.513 70.026 13.751
16.934 70.22 18.141 17.566 69.839 19.401 18.621 68.762 19.138 16.368 69.554 20.91
19.851 69.0 19.604 20.99 68.181 19.206 21.184 66.979 20.127 22.45 69.18 19.876
21.944 66.008 19.627 22.218 64.853 20.458 23.126 65.227 21.616 21.859 63.114 18.764
23.949 66.265 21.442 24.854 66.666 22.508 24.085 67.223 23.695 25.888 67.681 21.998
23.093 68.081 23.445 22.335 68.645 24.554 21.396 67.611 25.167 20.307 70.789 22.884
20.901 66.662 24.37 20.123 65.574 24.959 20.994 64.742 25.897 18.705 64.619 23.323
22.235 64.45 25.486 23.102 63.614 26.306 23.535 64.35 27.575 25.661 61.589 25.382
23.787 65.664 27.485 24.061 66.452 28.688 22.892 66.391 29.668 24.375 67.9 28.324
21.66 66.515 29.167 20.502 66.409 30.048 20.334 64.989 30.595 19.241 66.849 29.316
20.689 63.96 29.814 20.573 62.584 30.303 21.641 62.238 31.32 18.563 60.532 26.745
22.699 63.033 31.41 23.782 62.769 32.338 23.66 63.563 33.636 26.468 62.398 30.387
22.636 64.404 33.768 22.374 65.172 34.981 21.315 64.485 35.836 22.267 67.604 33.997
21.544 64.455 37.134 20.433 64.199 38.035 19.599 65.476 38.148 20.936 63.761 39.405
18.301 65.376 38.477 17.599 64.137 38.801 17.179 63.398 37.548 16.632 65.71 39.073
17.298 62.091 37.606 16.997 61.22 36.487 15.592 60.662 36.695 18.05 58.924 35.545
14.715 60.888 35.715 13.373 60.319 35.734 13.367 58.965 35.032 11.437 62.141 36.605
12.775 57.963 35.685 12.676 56.612 35.136 11.223 56.311 34.799 14.036 55.17 36.363
10.953 56.084 33.517 9.651 55.604 33.089 9.589 54.088 33.251 9.113 56.426 31.435
8.449 53.596 33.733 8.204 52.163 33.981 9.334 51.519 34.789 7.561 49.711 31.752
