WEEWDKKIEEYTKKIEELIKKSEEQQKKN
CHHHHHHHHHHHHHHHHHHHHHHHHHHHC
-15.677 53.819 -22.02 -16.102 52.464 -21.692 -14.983 51.708 -20.974 -19.572 51.831 -22.812
-13.723 52.045 -21.281 -12.607 51.458 -20.535 -12.643 51.884 -19.067 -9.292 51.732 -21.087
-12.842 53.177 -18.814 -12.935 53.648 -17.439 -14.188 53.108 -16.756 -11.992 55.673 -15.709
-15.285 52.971 -17.502 -16.482 52.323 -16.97 -16.182 50.909 -16.483 -19.923 50.468 -17.527
-15.475 50.111 -17.294 -15.101 48.754 -16.879 -14.244 48.76 -15.622 -15.172 47.613 -19.064
-13.297 49.693 -15.524 -12.404 49.692 -14.373 -13.141 50.104 -13.105 -9.145 50.794 -16.128
-14.055 51.072 -13.2 -14.77 51.504 -11.999 -15.814 50.477 -11.571 -14.8 55.31 -12.643
-16.49 49.848 -12.538 -17.407 48.751 -12.219 -16.672 47.691 -11.413 -19.006 48.344 -13.603
-15.502 47.268 -11.905 -14.732 46.258 -11.191 -14.277 46.767 -9.83 -12.005 44.532 -12.138
-13.833 48.025 -9.752 -13.375 48.576 -8.477 -14.49 48.567 -7.442 -12.431 51.723 -7.773
-15.648 49.108 -7.803 -16.722 49.243 -6.834 -17.38 47.903 -6.528 -16.79 52.976 -6.886
-17.403 46.985 -7.504 -17.913 45.641 -7.248 -17.08 44.939 -6.18 -18.373 44.55 -8.768
-15.753 45.016 -6.283 -14.943 44.332 -5.285 -15.059 45.025 -3.932 -12.034 43.152 -7.507
-15.162 46.357 -3.928 -15.403 47.08 -2.685 -16.722 46.657 -2.045 -13.772 50.427 -3.623
-17.791 46.557 -2.839 -19.083 46.169 -2.276 -19.053 44.722 -1.803 -20.816 47.067 -3.591
-18.477 43.826 -2.606 -18.397 42.437 -2.167 -17.66 42.331 -0.838 -17.911 40.82 -5.023
-16.56 43.071 -0.689 -15.805 43.009 0.559 -16.624 43.542 1.722 -12.801 44.259 1.306
-17.379 44.619 1.489 -18.214 45.173 2.544 -19.33 44.212 2.934 -17.963 47.738 2.189
-19.9 43.495 1.964 -20.97 42.56 2.309 -20.414 41.387 3.113 -22.475 42.337 0.464
-19.254 40.881 2.744 -18.664 39.805 3.518 -18.362 40.3 4.91 -16.487 37.999 0.869
-17.738 41.458 5.005 -17.419 42.016 6.32 -18.67 42.129 7.186 -15.637 45.258 7.47
-19.765 42.631 6.604 -21.022 42.767 7.338 -21.604 41.409 7.716 -21.736 44.146 6.238
-21.458 40.409 6.847 -21.943 39.082 7.216 -21.181 38.534 8.425 -22.41 37.791 4.168
-19.859 38.731 8.469 -19.085 38.27 9.622 -19.463 39.038 10.883 -16.07 37.788 8.22
-19.703 40.343 10.753 -20.154 41.117 11.899 -21.552 40.698 12.34 -19.631 43.251 13.353
-22.403 40.27 11.403 -23.773 39.914 11.77 -23.822 38.601 12.541 -26.369 40.61 11.177
-23.019 37.616 12.14 -23.061 36.336 12.836 -22.567 36.48 14.264 -19.873 35.024 11.19
-21.629 37.402 14.492 -21.189 37.693 15.849 -22.331 38.232 16.703 -17.674 39.022 15.099
-23.097 39.177 16.164 -24.177 39.818 16.903 -25.294 38.832 17.206 -23.76 42.087 15.941
