PCKFYICSNWEAIHKSCPGNTRWNEKELTCT
CCEEEECCCHHHHHHHCCCCCCCCCCCCEEC
15.136 15.129 10.119 14.497 14.659 8.825 15.305 13.503 8.222 15.459 16.28 8.809
16.497 13.182 8.769 17.405 12.087 8.429 17.735 11.118 9.605 18.358 12.928 6.938
16.787 11.129 10.561 16.624 10.107 11.494 15.12 10.023 11.831 19.498 11.232 13.864
14.695 8.943 12.486 13.318 8.804 12.985 13.307 8.323 14.402 13.956 5.654 11.865
12.19 7.753 14.83 12.15 7.116 16.108 11.489 5.828 15.983 12.816 10.327 18.033
11.937 4.867 16.782 11.355 3.535 16.901 10.696 3.476 18.241 12.586 1.904 15.994
9.403 3.27 18.248 8.675 3.153 19.471 8.524 1.75 19.947 7.233 4.57 19.438
8.753 1.622 21.257 8.567 0.444 21.954 8.136 0.743 23.334 9.849 -0.85 21.39
6.897 0.417 23.657 6.295 0.647 24.943 6.273 2.066 25.272 7.131 -1.642 25.559
5.931 2.874 24.266 5.893 4.311 24.378 7.301 4.772 24.666 2.141 4.57 25.219
8.284 3.994 24.239 9.68 4.274 24.441 10.42 4.533 23.131 11.406 4.189 26.6
10.906 5.767 23.014 11.571 6.321 21.803 13.031 5.999 21.824 11.349 7.79 21.708
13.424 5.147 20.877 14.823 4.845 20.692 15.325 5.633 19.458 14.903 2.606 21.27
16.536 6.064 19.568 17.141 6.85 18.385 17.771 6.075 17.304 19.807 6.983 20.16
17.272 6.286 16.055 17.906 5.715 14.748 18.157 6.875 13.84 17.638 2.72 15.496
19.07 6.648 12.88 19.541 7.581 11.943 19.489 6.894 10.558 21.024 7.951 12.976
19.334 7.669 9.536 19.228 7.119 8.178 20.654 7.17 7.525 17.266 8.012 7.583
20.99 6.162 6.74 22.259 6.041 6.069 22.624 6.918 4.885 21.105 4.592 5.853
23.799 7.447 4.9 24.26 8.286 3.685 23.475 9.533 3.545 24.995 8.045 3.051
22.953 9.799 2.338 22.098 10.982 1.962 20.537 10.711 1.958 23.367 12.825 0.698
20.163 9.592 2.493 18.667 9.302 2.551 17.981 10.125 3.661 18.126 7.567 3.241
16.624 10.036 3.617 15.79 10.717 4.536 14.68 9.706 5.066 15.793 14.9 3.159
14.106 9.945 6.217 13.005 9.123 6.633 11.708 9.319 5.828 11.192 7.091 8.931
11.168 8.265 5.313 9.942 8.329 4.545 8.847 7.641 5.283 8.866 7.742 2.306
8.044 8.481 5.896 7.037 8.106 6.853 6.033 7.128 6.23 7.895 10.916 7.288
5.745 7.383 4.925 4.754 6.637 4.232 5.15 5.235 4.112 5.062 8.978 1.589
6.342 4.984 3.533 7.007 3.687 3.409 7.672 3.111 4.76 7.955 4.334 0.322
7.718 3.907 5.842 8.346 3.565 7.091 9.789 3.032 6.888 6.304 2.828 8.655
10.535 3.825 6.19 11.91 3.492 5.745 12.549 4.718 5.121 12.213 1.876 4.767
13.844 4.822 5.327 14.604 5.935 4.849 14.821 5.663 3.38 16.519 5.3 5.28
14.563 6.656 2.568 14.591 6.515 1.082 15.346 7.516 0.195 12.657 6.55 0.788
