GCFGYKCDYYKGCCSGYVCSPTWKWCVRP
CCCCCCCCCCCCCCCCEEECCCEEEEECC
-10.762 -1.463 -6.346 -11.922 -1.095 -5.468 -12.531 0.293 -5.701 -12.265 -1.73 -4.776
-12.863 0.983 -4.599 -13.805 2.117 -4.538 -13.69 2.951 -3.265 -15.543 1.046 -3.995
-12.493 3.06 -2.723 -12.241 3.792 -1.481 -12.752 5.296 -1.659 -10.052 5.345 0.544
-13.615 5.759 -0.75 -14.09 7.092 -0.788 -15.457 7.193 -1.426 -13.544 7.845 -0.421
-15.884 6.141 -2.156 -17.142 6.149 -2.887 -18.16 6.543 -1.831 -20.165 4.516 -4.832
-18.932 7.586 -2.095 -19.97 7.926 -1.167 -21.109 6.869 -1.264 -20.416 9.412 -1.345
-21.466 6.325 -0.104 -22.328 5.223 0.043 -23.446 5.52 1.053 -21.044 4.079 1.256
-24.533 4.785 0.858 -25.695 4.69 1.808 -26.46 3.352 1.613 -27.098 6.168 0.359
-27.67 3.278 2.121 -28.426 2.072 2.082 -28.63 1.473 0.677 -31.373 -0.072 3.043
-28.931 2.32 -0.332 -29.081 1.866 -1.717 -27.863 2.088 -2.551 -32.91 1.933 -1.281
-26.91 2.877 -2.067 -25.606 2.974 -2.69 -24.515 2.145 -1.955 -24.921 6.112 -3.922
-24.537 0.862 -2.21 -23.607 -0.02 -1.653 -22.246 0.187 -2.237 -23.871 -0.686 -0.955
-21.279 -0.329 -1.526 -19.848 -0.232 -1.888 -19.498 -1.383 -2.84 -19.076 0.42 -0.021
-18.374 -1.256 -3.486 -17.79 -2.395 -4.204 -17.395 -3.534 -3.252 -15.926 -1.637 -4.613
-17.387 -4.734 -3.783 -16.793 -5.859 -3.055 -15.313 -5.573 -2.764 -17.138 -7.674 -3.39
-14.894 -5.965 -1.582 -13.683 -5.483 -0.988 -14.02 -4.462 0.129 -12.783 -5.796 -1.292
-15.163 -3.743 -0.007 -15.41 -2.518 0.715 -16.757 -2.477 1.404 -12.508 -0.718 -0.864
-16.818 -1.677 2.448 -17.965 -1.554 3.318 -18.267 -0.1 3.638 -17.358 -2.723 4.83
-19.518 0.192 3.979 -19.958 1.547 4.124 -19.734 1.996 5.562 -21.572 2.653 3.585
-18.738 2.876 5.741 -18.415 3.448 7.07 -19.622 4.168 7.595 -17.188 4.752 7.642
-20.102 3.739 8.797 -21.191 4.378 9.485 -20.84 5.742 10.12 -20.488 2.839 10.323
-19.569 6.091 10.208 -19.172 7.404 10.686 -19.077 8.414 9.521 -17.626 6.824 11.729
-18.491 7.986 8.394 -18.148 8.887 7.297 -18.971 8.705 6.071 -15.359 10.202 9.037
-19.79 7.669 6.005 -20.647 7.391 4.825 -19.898 7.346 3.542 -22.872 8.659 6.832
-18.749 6.756 3.592 -18.032 6.397 2.414 -17.415 4.993 2.618 -15.106 8.952 4.027
-17.023 4.44 1.507 -16.448 3.119 1.438 -14.996 3.038 1.919 -17.391 2.556 -0.31
-14.799 2.066 2.803 -13.513 1.703 3.424 -13.327 0.214 3.341 -13.881 2.473 5.217
-12.125 -0.249 3.37 -11.85 -1.639 3.763 -12.04 -1.97 5.281 -8.206 -2.558 0.942
-12.693 -3.118 5.591 -12.814 -3.684 6.957 -11.642 -4.551 7.446 -13.835 -4.471 5.625
