DFHFEVFNFVPCSICSNNPTCWAICKRIPNKKPGK
CCCEEEEEECCCHHHCCCCCHHHHHHHCCCCCCCC
3.228 62.169 26.486 4.21 61.161 26.105 3.565 60.087 25.23 6.095 59.892 27.07
3.603 60.301 23.917 2.996 59.364 22.981 3.805 58.075 22.908 0.912 61.457 21.285
3.112 56.941 22.959 3.724 55.631 22.796 3.324 55.041 21.451 4.492 54.833 25.799
4.262 54.341 20.816 4.007 53.662 19.548 4.666 52.292 19.607 4.167 53.369 16.167
3.847 51.243 19.667 4.302 49.849 19.777 5.241 49.765 20.98 4.449 48.896 16.58
6.462 49.238 20.831 7.373 49.093 21.966 8.136 50.366 22.285 8.469 47.652 21.237
7.912 51.444 21.54 8.613 52.698 21.768 7.787 53.62 22.656 10.205 52.041 18.821
8.482 54.417 23.467 7.848 55.48 24.235 7.799 56.794 23.465 9.889 56.229 25.469
7.971 56.741 22.146 7.9 57.917 21.293 7.328 57.499 19.947 10.94 57.126 19.974
7.042 58.491 19.114 6.583 58.272 17.745 7.771 58.493 16.814 4.9 59.056 17.172
8.203 57.486 16.056 9.315 57.696 15.117 8.921 58.675 14.019 8.782 55.908 15.41
9.811 59.633 13.744 9.528 60.645 12.731 9.422 60.059 11.33 10.644 62.219 13.506
9.938 58.851 11.111 9.938 58.244 9.787 8.576 57.699 9.374 10.836 56.61 10.184
7.548 57.835 10.215 6.201 57.395 9.88 5.189 58.531 9.966 5.789 55.88 11.684
5.652 59.769 10.146 4.74 60.902 10.248 4.15 61.313 8.906 5.568 62.056 11.772
4.823 60.992 7.799 4.389 61.376 6.459 4.212 62.885 6.344 3.198 59.962 6.009
2.96 63.344 6.283 2.663 64.757 6.071 1.805 65.345 7.186 1.032 63.917 4.402
1.715 64.666 8.328 0.932 65.163 9.45 1.755 66.165 10.253 -0.452 64.395 11.371
1.364 67.443 10.265 2.186 68.444 10.967 2.236 68.233 12.467 0.791 69.097 9.863
1.13 67.804 13.079 1.133 67.553 14.516 2.039 66.383 14.877 -0.767 67.322 14.699
2.215 65.432 13.958 3.115 64.312 14.21 4.565 64.776 14.273 3.372 62.468 13.261
4.953 65.698 13.388 6.338 66.155 13.344 6.706 67.033 14.532 7.714 65.02 9.995
5.718 67.574 15.246 5.997 68.386 16.423 6.31 67.548 17.655 4.813 69.31 16.717
5.852 66.298 17.696 6.052 65.434 18.855 6.964 64.254 18.565 3.793 64.672 19.105
7.27 63.979 17.301 8.012 62.777 16.959 9.48 62.909 17.355 8.376 63.038 14.928
10.137 61.758 17.473 11.56 61.677 17.759 12.207 60.728 16.761 11.178 61.756 21.577
13.484 60.964 16.478 14.192 60.198 15.464 14.911 59.011 16.09 14.669 62.973 12.29
14.788 57.857 15.443 15.577 56.692 15.858 17.054 57.0 15.65 14.505 54.695 15.094
17.904 56.837 16.66 19.301 57.26 16.523 20.067 56.386 15.544 18.826 56.487 18.168
21.163 56.952 15.037 22.056 56.246 14.128 22.907 55.202 14.839 23.816 56.664 12.416
22.866 55.155 16.168 23.688 54.232 16.932 22.924 53.771 18.163 27.019 53.85 17.982
23.13 52.517 18.543 22.465 51.971 19.721 23.017 52.638 20.974 21.849 48.933 21.443
22.186 53.302 21.776 22.714 54.047 22.925 23.282 53.119 23.986 20.845 54.061 22.71
24.353 53.577 24.63 24.979 52.843 25.707 24.341 53.143 27.049 25.743 52.218 25.547
25.013 52.688 28.1 24.531 52.882 29.461 25.117 54.149 30.074 24.93 49.656 30.977
