CLGRRVVQPGMFADYPPTKKARVL
CCCCCCCCCCCCCCCCCCCCCCCC
-7.959 6.461 -53.843 -7.175 6.424 -52.615 -7.954 5.712 -51.508 -6.846 8.47 -52.756
-8.947 4.911 -51.893 -9.669 4.09 -50.919 -8.763 3.023 -50.313 -12.08 4.27 -51.9
-9.065 2.648 -49.07 -8.388 1.56 -48.419 -8.111 1.878 -46.958 -8.149 0.719 -48.904
-7.371 0.986 -46.299 -7.085 1.15 -44.866 -6.236 2.393 -44.614 -7.599 -3.229 -43.791
-6.411 2.957 -43.417 -5.759 4.184 -43.004 -5.242 4.091 -41.574 -8.949 6.605 -43.191
-4.085 4.671 -41.38 -3.475 4.733 -40.082 -4.261 5.676 -39.203 -1.774 5.375 -40.68
-3.946 5.679 -37.919 -4.636 6.547 -36.983 -4.475 8.018 -37.446 -3.949 6.634 -35.149
-5.549 8.773 -37.358 -5.593 10.132 -37.85 -5.198 11.206 -36.847 -6.81 9.752 -40.216
-4.757 12.363 -37.364 -4.383 13.447 -36.449 -5.511 13.827 -35.526 -4.065 13.74 -38.292
-5.155 14.036 -34.258 -6.119 14.471 -33.289 -6.824 13.352 -32.55 -6.282 15.447 -33.145
-6.787 12.13 -33.069 -7.408 11.022 -32.356 -6.586 10.651 -31.121 -8.684 9.301 -34.952
-7.286 10.124 -30.113 -6.673 9.556 -28.892 -5.712 10.57 -28.274 -7.448 6.618 -30.391
-6.271 11.751 -27.981 -5.392 12.844 -27.585 -4.926 12.764 -26.141 -6.106 14.178 -27.837
-5.533 11.907 -25.32 -5.236 11.746 -23.897 -4.19 10.661 -23.689 -7.097 10.116 -23.568
-3.109 10.728 -24.456 -2.018 9.766 -24.284 -1.261 9.947 -22.959 0.02 12.459 -25.991
-0.674 8.877 -22.435 0.137 9.004 -21.218 1.286 9.966 -21.444 -0.125 7.256 -21.846
1.618 10.787 -20.469 2.687 11.761 -20.704 4.015 11.065 -20.949 2.014 11.684 -18.962
4.87 11.693 -21.747 6.224 11.169 -21.888 7.06 11.446 -20.652 6.688 12.078 -23.488
6.737 12.512 -19.927 7.581 12.937 -18.801 6.695 13.393 -17.652 10.327 14.575 -20.841
7.174 13.187 -16.421 6.436 13.543 -15.213 7.407 14.014 -14.141 4.062 10.447 -15.209
7.106 15.144 -13.471 7.846 15.549 -12.282 7.234 14.96 -11.024 7.85 17.068 -12.169
8.077 14.743 -10.008 7.612 14.352 -8.681 7.486 15.639 -7.877 8.786 11.68 -5.075
6.245 16.005 -7.541 5.973 17.305 -6.94 5.369 17.073 -5.57 5.17 18.681 -8.061
5.654 17.975 -4.635 5.17 17.809 -3.261 4.382 19.02 -2.766 6.454 17.759 -0.918
