SKLEELRRKLQEAEHKARELQEKWG
CHHHHHHHHHHHHHHHHHHHHHHHC
30.804 76.876 3.344 30.621 75.565 2.745 31.884 74.719 2.618 30.374 76.05 0.913
33.08 75.273 2.849 34.225 74.389 3.038 34.007 73.523 4.264 36.757 74.859 1.264
33.618 74.155 5.37 33.36 73.409 6.591 32.175 72.477 6.407 33.227 73.968 9.124
31.171 72.897 5.635 30.038 72.003 5.383 30.467 70.78 4.571 27.715 74.342 4.798
31.294 70.982 3.54 31.825 69.855 2.774 32.665 68.929 3.648 32.681 71.55 0.015
33.517 69.508 4.498 34.293 68.712 5.44 33.374 67.829 6.266 35.94 69.317 7.512
32.324 68.422 6.828 31.457 67.633 7.689 30.727 66.559 6.899 29.309 69.895 10.672
30.393 66.829 5.636 29.692 65.823 4.837 30.586 64.614 4.582 29.204 65.974 0.983
31.85 64.864 4.205 32.809 63.787 3.988 33.05 62.994 5.263 33.972 64.435 0.992
33.145 63.684 6.389 33.356 63.015 7.662 32.167 62.135 8.029 34.233 63.85 9.972
30.941 62.619 7.79 29.744 61.806 8.02 29.771 60.56 7.146 26.589 62.803 8.334
30.17 60.717 5.881 30.276 59.569 4.984 31.303 58.555 5.486 29.915 61.252 2.102
32.414 59.027 6.052 33.385 58.111 6.625 32.816 57.398 7.84 34.647 58.874 7.02
32.108 58.133 8.697 31.542 57.497 9.879 30.499 56.452 9.496 29.77 57.819 12.206
29.727 56.712 8.431 28.749 55.739 7.952 29.43 54.466 7.454 26.259 55.082 6.127
30.586 54.608 6.786 31.336 53.417 6.389 31.844 52.653 7.607 31.458 54.225 3.369
32.221 53.361 8.672 32.629 52.66 9.883 31.465 51.88 10.487 33.203 53.661 10.89
30.269 52.466 10.485 29.107 51.73 10.974 28.764 50.543 10.082 26.472 55.059 11.456
28.985 50.648 8.768 28.765 49.49 7.903 29.761 48.373 8.2 27.98 50.862 4.947
31.005 48.727 8.541 31.965 47.699 8.935 31.536 47.024 10.232 34.257 48.425 7.986
30.978 47.8 11.179 30.498 47.217 12.435 29.307 46.293 12.217 30.873 49.706 14.634
28.478 46.584 11.209 27.362 45.699 10.88 27.843 44.301 10.527 25.364 47.747 9.172
29.027 44.194 9.919 29.605 42.916 9.535 30.475 42.323 10.642 30.989 42.206 6.287
31.398 43.112 11.201 32.442 42.575 12.071 32.188 42.819 13.548 34.656 41.411 9.404
31.155 43.574 13.882 30.834 43.864 15.264 31.44 45.179 15.721 30.277 43.248 15.82
