CSCSSLMDKECVYFCHLDIIW
CCCCCCCCCCEEEEEEEEECC
14.986 7.841 -5.622 16.438 7.894 -5.242 17.121 6.512 -5.292 16.23 8.16 -3.146
18.417 6.487 -4.985 19.211 5.273 -5.084 20.424 5.366 -4.152 20.009 5.66 -6.769
21.172 4.26 -3.994 22.396 4.238 -3.154 23.537 3.41 -3.755 21.44 4.066 -1.304
24.738 3.974 -3.772 25.917 3.292 -4.325 26.328 2.125 -3.428 27.492 4.267 -3.928
25.951 2.222 -2.162 26.096 1.106 -1.267 24.732 0.642 -0.732 26.888 1.976 0.272
24.47 -0.641 -0.949 23.357 -1.329 -0.351 23.58 -1.522 1.14 22.2 -3.148 -1.939
24.789 -1.242 1.612 25.078 -1.441 3.029 25.096 -0.152 3.845 25.612 -3.88 3.187
24.857 0.984 3.194 24.365 2.169 3.898 22.875 1.954 4.039 24.651 3.443 3.106
22.45 1.338 5.134 21.096 0.782 5.128 19.995 1.819 5.102 22.584 -2.042 6.415
20.212 2.93 5.792 19.161 3.927 5.901 19.111 4.831 4.653 19.374 4.006 9.125
20.205 4.904 3.892 20.171 5.495 2.55 19.165 4.736 1.682 21.645 5.706 1.037
19.361 3.427 1.584 18.559 2.595 0.71 17.091 2.618 1.136 19.284 0.837 0.215
16.842 2.885 2.422 15.485 2.794 2.988 14.731 4.111 2.996 15.966 -0.608 4.757
15.296 5.138 2.371 14.551 6.363 2.104 13.974 6.253 0.718 16.476 7.854 4.456
14.63 5.432 -0.095 14.229 5.183 -1.474 13.144 4.104 -1.582 16.151 5.394 -2.22
12.884 3.403 -0.479 11.866 2.354 -0.439 10.448 2.91 -0.275 13.939 0.105 0.328
10.352 4.161 0.171 9.068 4.815 0.38 8.57 5.473 -0.93 9.797 5.631 2.85
7.245 5.541 -1.08 6.631 6.33 -2.138 5.372 7.005 -1.594 7.536 5.22 -4.192
5.508 8.307 -1.345 4.44 9.214 -0.876 3.656 8.773 0.358 3.451 10.07 -2.888
3.196 7.526 0.416 2.715 6.999 1.707 3.907 6.78 2.652 1.654 4.992 1.033
4.465 7.903 3.098 5.577 7.934 4.029 5.112 7.464 5.412 4.072 11.608 4.122
