RRVSFADNFGFNLVSVKEFDTW
CCCCCCCCCCCCEEEEEEECCC
8.189 105.114 192.117 7.288 104.139 192.722 7.968 102.781 192.915 3.025 103.002 192.607
7.875 102.268 194.138 8.467 100.993 194.497 7.713 99.853 193.809 10.125 99.301 198.116
8.421 98.744 193.558 7.735 97.508 193.193 6.639 97.228 194.212 8.841 95.97 192.722
5.478 96.824 193.718 4.343 96.488 194.558 3.745 95.172 194.08 3.036 97.694 193.868
2.841 94.628 194.884 2.095 93.436 194.513 0.61 93.748 194.525 4.794 91.581 195.165
-0.115 93.088 193.62 -1.489 93.492 193.337 -2.381 93.383 194.569 -2.052 92.682 192.166
-2.116 92.42 195.458 -2.939 92.342 196.662 -2.695 93.486 197.653 -1.516 90.595 197.706
-1.716 94.366 197.406 -1.55 95.557 198.235 -2.743 96.491 198.112 0.936 95.665 198.01
-3.496 96.402 197.007 -4.493 97.407 196.655 -5.851 96.792 196.344 -1.632 98.892 195.601
-6.099 95.567 196.803 -7.398 94.951 196.649 -7.606 94.173 195.373 -8.091 95.054 197.362
-6.56 93.965 194.58 -6.648 93.092 193.422 -6.248 91.676 193.827 -6.011 95.969 191.683
-6.662 90.7 193.022 -6.14 89.351 193.19 -4.635 89.364 192.952 -8.094 87.934 192.598
-3.895 88.672 193.822 -2.468 88.471 193.578 -2.253 87.505 192.427 -0.343 87.865 194.978
-3.114 86.499 192.309 -2.951 85.457 191.308 -4.217 85.317 190.478 -2.521 83.933 192.466
-4.028 84.85 189.251 -5.094 84.405 188.369 -4.737 82.988 187.958 -5.244 85.976 187.306
-5.711 82.086 187.973 -5.446 80.671 187.753 -6.197 80.214 186.515 -5.49 79.49 189.297
-5.485 79.566 185.6 -6.089 78.918 184.442 -5.877 77.422 184.61 -6.149 79.036 180.87
-6.966 76.683 184.767 -6.874 75.235 184.802 -6.903 74.703 183.379 -8.71 74.496 187.477
-6.152 73.632 183.142 -6.037 73.077 181.804 -6.132 71.562 181.852 -2.634 72.612 182.045
-6.614 70.998 180.752 -6.598 69.564 180.518 -5.387 69.264 179.646 -7.919 67.733 179.533
-4.525 68.355 180.114 -3.246 68.118 179.447 -3.434 67.754 177.978 -1.974 67.087 180.462
-4.505 67.034 177.664 -4.789 66.624 176.295 -5.457 67.762 175.527 -4.504 63.126 174.759
