QRVVHIAAGLRRTGDQLEAYG
CCCEEECCCCCCCHHHHHHCC
-8.249 11.286 -28.466 -7.67 9.952 -28.359 -6.946 9.675 -27.053 -8.202 8.95 -30.628
-6.321 10.686 -26.458 -5.631 10.445 -25.193 -6.613 10.025 -24.105 -2.98 13.717 -26.37
-7.808 10.632 -24.092 -8.853 10.249 -23.144 -9.222 8.784 -23.333 -10.367 11.468 -22.914
-9.422 8.378 -24.588 -9.81 7.003 -24.88 -8.726 6.044 -24.418 -10.578 6.638 -26.63
-7.464 6.385 -24.679 -6.367 5.497 -24.302 -6.232 5.385 -22.789 -3.39 4.558 -24.794
-6.316 6.506 -22.067 -6.206 6.446 -20.61 -7.353 5.634 -20.019 -5.521 8.57 -19.81
-8.582 5.924 -20.45 -9.751 5.2 -19.949 -9.623 3.709 -20.177 -11.02 5.726 -20.621
-9.164 3.313 -21.368 -9.043 1.894 -21.677 -7.982 1.254 -20.796 -8.711 1.718 -23.156
-6.889 1.971 -20.527 -5.875 1.415 -19.648 -6.38 1.245 -18.232 -4.958 1.182 -19.972
-7.116 2.239 -17.731 -7.699 2.115 -16.404 -8.698 0.973 -16.359 -7.639 4.557 -15.484
-9.552 0.863 -17.379 -10.526 -0.221 -17.389 -9.821 -1.568 -17.365 -13.776 -0.307 -20.286
-8.793 -1.73 -18.201 -8.11 -3.021 -18.269 -7.471 -3.376 -16.932 -5.589 -3.381 -21.792
-6.812 -2.405 -16.3 -6.163 -2.652 -15.02 -7.197 -2.96 -13.946 -4.773 -1.408 -14.533
-8.325 -2.245 -13.965 -9.371 -2.491 -12.99 -10.0 -3.862 -13.126 -9.626 -1.803 -12.311
-10.309 -4.272 -14.359 -10.901 -5.589 -14.573 -9.922 -6.705 -14.23 -12.614 -4.933 -16.229
-8.626 -6.495 -14.456 -7.624 -7.475 -14.042 -7.55 -7.566 -12.524 -4.467 -7.616 -15.197
-7.547 -6.418 -11.842 -7.54 -6.421 -10.384 -8.802 -7.075 -9.84 -7.113 -4.634 -8.486
-9.952 -6.81 -10.471 -11.192 -7.429 -10.024 -11.089 -8.942 -10.057 -13.793 -7.242 -9.607
-10.532 -9.484 -11.134 -10.51 -10.934 -11.299 -9.436 -11.607 -10.459 -10.307 -11.278 -12.772
-8.432 -10.867 -10.009 -7.32 -11.433 -9.255 -7.226 -10.929 -7.824 -5.583 -12.58 -12.452
-7.497 -9.65 -7.583 -7.323 -9.067 -6.263 -8.422 -9.404 -5.272 -6.53 -8.494 -6.058
