DECAIAAQQCTNEEGCDAACAPDPEATMGCLMYIWNNC
CHHHHHCCCCCCCCCCCCCCCCCHHHHHHHCHHHHCCC
12.28 -0.936 -7.312 12.309 -1.398 -5.895 11.681 -0.281 -5.059 13.763 -2.44 -4.206
10.538 -0.573 -4.46 9.826 0.425 -3.694 10.642 0.901 -2.496 6.813 -0.067 -2.26
11.39 0.008 -1.869 12.2 0.387 -0.711 13.393 1.251 -1.115 13.09 -0.73 0.79
14.105 0.854 -2.166 15.223 1.666 -2.672 14.742 3.054 -3.124 15.929 0.975 -3.811
13.55 3.114 -3.754 13.033 4.372 -4.163 12.752 5.272 -2.947 11.462 4.086 -5.97
12.15 4.707 -1.907 11.848 5.494 -0.693 13.086 6.056 -0.069 11.057 4.601 0.286
14.133 5.204 0.057 15.401 5.628 0.625 16.022 6.749 -0.222 16.363 4.457 0.782
16.019 6.605 -1.543 16.755 7.521 -2.39 16.089 8.887 -2.342 16.812 8.657 -5.022
14.765 8.866 -2.21 13.951 10.065 -2.098 14.021 10.719 -0.689 12.366 10.284 -4.301
14.795 10.165 0.244 14.882 10.742 1.578 13.54 10.844 2.279 16.584 11.938 1.386
12.81 9.741 2.209 11.613 9.559 3.035 11.975 9.628 4.474 10.778 7.777 3.016
10.946 9.61 5.319 11.161 9.628 6.75 11.076 8.199 7.291 8.804 10.318 7.227
11.13 8.042 8.576 11.247 6.726 9.162 10.002 5.865 8.971 12.77 8.415 10.777
8.831 6.461 9.122 7.568 5.814 8.781 7.491 5.463 7.297 6.881 8.331 10.265
8.09 6.295 6.457 8.119 6.005 5.073 8.943 4.787 4.74 7.626 6.581 4.421
10.089 4.644 5.397 10.854 3.434 5.236 10.059 2.211 5.675 12.838 3.958 5.7
9.419 2.278 6.851 8.67 1.139 7.303 7.579 0.685 6.316 7.295 0.302 9.112
6.828 1.64 5.803 5.71 1.328 4.897 6.238 0.861 3.544 4.842 2.555 4.711
7.307 1.503 3.026 7.765 1.187 1.663 8.536 -0.125 1.638 8.661 2.255 1.166
9.097 -0.566 2.769 10.017 -1.707 2.784 9.42 -2.955 3.408 11.697 -0.564 3.159
8.274 -2.796 4.056 7.513 -3.948 4.573 7.31 -4.922 3.423 6.204 -3.519 5.157
7.431 -6.243 3.632 7.532 -6.868 4.929 8.929 -7.299 5.267 6.879 -7.939 3.545
9.93 -6.677 4.698 11.293 -7.092 4.818 12.063 -6.321 5.86 13.121 -7.479 3.316
12.376 -6.955 7.005 13.09 -6.147 8.037 14.49 -5.78 7.615 12.432 -7.848 8.553
15.103 -6.629 6.807 16.414 -6.325 6.299 16.436 -5.066 5.403 18.065 -8.616 4.556
15.521 -4.999 4.446 15.414 -3.799 3.628 15.007 -2.577 4.409 14.426 -4.07 2.476
14.101 -2.767 5.367 13.676 -1.645 6.18 14.886 -1.015 6.917 12.058 -1.866 7.254
15.675 -1.908 7.52 16.918 -1.507 8.213 17.803 -0.728 7.259 19.283 -3.002 8.536
17.986 -1.219 6.025 18.826 -0.494 5.019 18.315 0.892 4.708 19.641 -0.893 4.6
16.998 0.987 4.599 16.404 2.253 4.322 16.639 3.252 5.447 14.447 2.81 3.809
16.449 2.801 6.697 16.69 3.661 7.852 18.148 4.119 7.969 14.851 2.871 9.561
19.071 3.17 7.797 20.517 3.466 7.803 20.806 4.532 6.734 22.03 1.686 8.806
20.25 4.335 5.539 20.454 5.277 4.442 19.971 6.65 4.774 20.492 6.62 0.995
18.726 6.781 5.225 18.188 8.131 5.472 18.841 8.825 6.657 15.856 7.772 5.962
19.278 8.054 7.637 19.938 8.641 8.778 21.315 9.124 8.424 17.877 6.223 11.458
21.999 8.465 7.458 23.372 8.812 7.098 23.443 9.818 5.976 25.623 7.822 6.671
22.528 9.736 5.048 22.614 10.473 3.802 21.543 11.549 3.574 23.772 8.585 2.735
20.631 11.741 4.51 19.489 12.659 4.292 19.365 13.612 5.445 18.675 11.965 4.505
