SSGPWKPAKPAPSVSPGPWKPI
CCCCCCCCCCCCCCCCCCCCCC
12.468 6.647 -25.921 12.052 7.715 -25.019 12.862 7.688 -23.725 10.416 6.963 -24.382
12.847 8.802 -23.0 13.572 8.906 -21.74 12.713 8.426 -20.578 14.285 10.428 -20.849
13.345 7.732 -19.639 12.623 7.223 -18.492 12.352 5.739 -18.621 12.353 7.808 -17.727
11.238 5.25 -18.055 10.26 6.062 -17.323 10.753 6.618 -15.992 9.897 4.241 -17.402
10.194 7.76 -15.612 10.525 8.417 -14.354 9.346 8.289 -13.402 13.598 10.501 -15.324
9.631 8.173 -12.11 8.57 8.077 -11.111 8.932 8.938 -9.908 9.491 4.874 -9.195
7.931 9.353 -9.119 8.248 10.174 -7.946 9.074 9.354 -6.96 6.45 10.126 -8.447
10.042 9.994 -6.31 10.85 9.296 -5.314 9.97 9.108 -4.075 12.083 10.118 -4.966
8.997 10.004 -3.915 8.059 9.951 -2.796 6.914 9.01 -3.182 6.636 12.971 -1.433
6.646 7.981 -2.361 5.561 7.051 -2.683 4.216 7.682 -2.349 6.538 6.646 -1.158
3.15 7.19 -2.974 1.825 7.725 -2.697 1.532 7.516 -1.218 0.778 7.018 -3.542
0.838 8.474 -0.601 0.519 8.355 0.82 -0.521 7.294 1.114 -0.12 9.882 -0.026
-0.355 6.619 2.242 -1.332 5.629 2.657 -2.413 6.42 3.396 -0.242 4.884 4.037
-3.555 5.785 3.64 -4.675 6.418 4.33 -4.194 7.18 5.562 -6.235 5.285 4.543
-3.367 6.511 6.356 -2.764 7.098 7.548 -1.265 7.061 7.245 -3.781 6.201 8.883
-0.502 8.071 7.699 0.943 8.105 7.436 1.707 6.799 7.648 0.323 9.205 8.824
2.603 6.503 6.708 3.407 5.297 6.775 4.499 5.357 7.828 3.23 4.52 6.17
5.311 4.295 7.946 6.404 4.199 8.918 7.659 4.986 8.557 6.13 2.691 7.883
8.567 5.087 9.523 9.828 5.791 9.324 10.84 4.869 8.662 12.179 8.583 10.044
11.141 5.133 7.393 12.103 4.327 6.644 12.702 5.155 5.505 13.254 1.348 6.066
13.689 6.01 5.823 14.352 6.872 4.835 15.051 6.128 3.698 14.763 7.212 6.63
15.595 4.951 3.988 16.282 4.179 2.959 15.778 2.741 2.899 18.619 4.738 2.971
