ASTEEKWARLARRIAGAGGVTLDGFG
CCHHHHHHHHHHHHHCCCCCCCCCCC
-30.006 29.744 101.346 -29.787 30.01 102.765 -28.433 29.479 103.279 -30.935 29.442 103.595
-28.185 28.156 103.133 -26.97 27.458 103.572 -25.711 27.808 102.751 -27.304 25.697 102.91
-24.537 27.315 103.199 -23.262 27.533 102.502 -23.286 26.889 101.11 -21.634 26.802 103.303
-23.929 25.7 100.983 -24.088 25.005 99.709 -25.001 25.798 98.762 -24.043 23.006 98.044
-26.117 26.335 99.282 -27.052 27.135 98.495 -26.369 28.373 97.921 -29.878 26.692 100.212
-25.411 28.971 98.68 -24.639 30.104 98.183 -23.789 29.69 97.0 -22.468 32.907 99.463
-23.081 28.551 97.123 -22.251 28.0 96.056 -23.072 27.723 94.825 -18.993 27.496 97.719
-24.275 27.109 94.998 -25.122 26.776 93.851 -25.613 28.049 93.178 -26.293 25.902 94.276
-25.901 29.082 93.973 -26.35 30.367 93.431 -25.244 31.017 92.599 -27.978 31.659 96.988
-23.99 30.981 93.103 -22.858 31.539 92.359 -22.612 30.769 91.072 -21.29 32.691 94.139
-22.778 29.426 91.113 -22.59 28.595 89.92 -23.605 28.899 88.843 -22.595 27.097 90.287
-24.864 29.203 89.256 -25.946 29.575 88.335 -25.642 30.932 87.668 -29.068 30.533 86.654
-25.086 31.865 88.424 -24.685 33.183 87.895 -23.564 33.024 86.88 -25.922 36.019 88.887
-22.607 32.127 87.168 -21.523 31.857 86.237 -22.046 31.264 84.952 -19.527 31.0 87.209
-22.926 30.265 85.046 -23.412 29.544 83.873 -24.455 30.249 83.031 -23.952 28.186 84.306
-25.246 31.117 83.651 -26.398 31.7 82.959 -27.372 30.553 82.699 -26.497 32.665 82.718
-28.058 30.536 81.553 -28.954 29.413 81.221 -29.008 29.119 79.72 -30.359 29.651 81.763
-29.119 27.828 79.37 -29.223 27.406 77.97 -27.899 27.242 77.26 -30.112 27.245 77.541
-26.826 27.256 78.025 -25.496 27.106 77.44 -24.813 25.844 77.903 -25.106 27.776 76.808
-23.562 25.666 77.471 -22.708 24.55 77.882 -21.501 25.175 78.576 -22.36 23.086 76.599
-21.355 24.928 79.889 -20.245 25.451 80.686 -19.125 24.412 80.739 -20.768 26.324 82.347
-17.879 24.843 80.445 -16.691 23.982 80.502 -15.609 24.684 81.288 -16.769 22.815 78.116
-14.663 23.894 81.824 -13.505 24.435 82.526 -12.443 24.856 81.504 -13.736 23.133 84.672
-12.287 26.16 81.312 -11.315 26.674 80.368 -11.846 26.881 78.975 -10.375 26.866 80.649
-10.973 27.391 78.117 -11.273 27.711 76.737 -11.076 26.534 75.764 -10.894 30.9 77.865
-10.136 25.584 76.005 -9.228 25.448 77.147 -7.897 26.171 77.105 -9.506 24.884 77.925
