LWAAKKYGQQLRRMSDEFDKGQ
CCHHHHHHHHHHHHHHCCCCCC
1.098 66.886 20.577 2.03 66.899 19.456 1.542 65.969 18.349 4.65 66.757 19.164
1.349 66.522 17.156 0.869 65.766 16.01 1.953 65.694 14.941 -0.164 69.373 15.465
1.712 64.829 13.952 2.758 64.429 13.015 3.403 65.629 12.329 2.179 63.468 11.976
2.595 66.483 11.696 3.162 67.586 10.923 4.071 68.455 11.783 2.049 68.427 10.302
3.643 68.764 13.009 4.482 69.558 13.901 5.733 68.789 14.307 3.762 71.716 16.406
5.598 67.488 14.576 6.769 66.673 14.89 7.801 66.752 13.772 7.431 62.942 15.47
7.369 66.518 12.532 8.303 66.505 11.41 8.894 67.889 11.167 6.292 63.43 10.458
8.074 68.934 11.276 8.584 70.283 11.089 9.66 70.642 12.094 8.241 70.883 10.366
9.443 70.292 13.364 10.437 70.578 14.394 11.723 69.799 14.151 8.571 70.775 17.186
11.605 68.535 13.741 12.789 67.747 13.416 13.595 68.413 12.307 12.418 64.956 14.427
12.92 68.842 11.238 13.619 69.512 10.146 14.216 70.834 10.606 12.366 68.718 7.975
13.511 71.553 11.479 14.031 72.821 11.98 15.356 72.616 12.704 11.18 75.297 14.005
15.419 71.612 13.581 16.642 71.378 14.342 17.8 71.008 13.423 14.846 68.917 17.191
17.534 70.203 12.393 18.589 69.846 11.452 19.023 71.044 10.619 17.462 67.105 10.425
18.093 71.942 10.285 18.467 73.164 9.58 19.36 74.044 10.444 16.806 73.54 8.737
19.045 74.154 11.738 19.864 74.963 12.635 21.285 74.425 12.711 17.987 75.717 14.042
21.433 73.101 12.768 22.762 72.504 12.765 23.489 72.793 11.458 22.191 69.574 14.28
22.775 72.712 10.333 23.378 73.014 9.039 23.892 74.447 8.996 23.285 72.762 5.63
23.189 75.37 9.657 23.651 76.753 9.711 24.904 76.883 10.568 21.416 77.736 9.359
25.004 76.087 11.636 26.189 76.14 12.487 27.445 75.75 11.719 24.787 75.375 15.925
27.321 74.851 10.745 28.433 74.51 9.879 28.382 75.268 8.568 29.133 73.848 10.147
27.188 75.369 7.994 26.978 76.065 6.729 27.793 75.416 5.616 27.099 79.362 6.079
