ENIEETITVMKKLEEPRQKVVLDTAKIQLKEQDEQ
CCHHHHHHHHHHCCCCHHHHHHHHHHHHHHHHHCC
5.029 12.728 -16.762 5.314 11.627 -17.622 4.916 10.389 -16.849 7.134 9.71 -18.492
4.338 9.389 -17.525 3.668 8.326 -16.769 4.629 7.513 -15.948 1.796 8.03 -18.322
5.815 7.217 -16.481 6.698 6.316 -15.737 7.262 7.05 -14.53 8.026 4.951 -17.225
7.69 8.305 -14.728 8.227 9.059 -13.591 7.154 9.239 -12.509 7.641 12.093 -14.116
5.905 9.516 -12.911 4.861 9.692 -11.912 4.558 8.384 -11.192 2.802 11.624 -13.652
4.699 7.251 -11.89 4.444 5.96 -11.251 5.533 5.644 -10.246 3.868 4.492 -12.371
6.793 5.9 -10.61 7.887 5.75 -9.657 7.575 6.515 -8.368 9.965 5.88 -10.78
7.163 7.797 -8.496 6.911 8.648 -7.307 5.879 8.021 -6.376 6.751 10.53 -7.646
4.777 7.515 -6.942 3.761 6.861 -6.121 4.316 5.569 -5.535 1.916 6.777 -6.821
4.936 4.755 -6.372 5.427 3.461 -5.875 6.453 3.586 -4.742 5.592 1.337 -8.131
7.253 4.663 -4.708 8.217 4.83 -3.63 7.529 4.958 -2.272 11.069 6.744 -5.292
6.263 5.304 -2.272 5.471 5.444 -1.053 4.744 4.151 -0.678 3.785 8.682 -1.147
4.707 3.159 -1.585 3.913 1.943 -1.376 4.726 0.831 -0.743 2.196 1.909 -3.352
4.086 0.133 0.2 4.667 -1.076 0.756 4.793 -2.131 -0.343 2.201 -2.67 2.247
5.764 -3.055 -0.158 6.059 -4.044 -1.193 4.806 -4.789 -1.691 6.928 -6.561 -1.953
3.873 -5.253 -0.864 2.748 -6.025 -1.425 1.907 -5.177 -2.356 3.006 -6.12 0.442
1.791 -3.864 -2.077 1.005 -2.989 -2.947 1.752 -2.682 -4.232 -1.936 -1.343 -0.249
3.071 -2.534 -4.136 3.875 -2.401 -5.363 3.693 -3.628 -6.249 6.85 -1.302 -4.247
3.632 -4.807 -5.637 3.446 -6.05 -6.396 2.121 -6.047 -7.169 4.693 -8.683 -6.123
1.06 -5.49 -6.59 -0.207 -5.33 -7.318 0.005 -4.456 -8.577 -1.871 -4.952 -6.319
0.738 -3.358 -8.439 1.033 -2.474 -9.567 1.804 -3.214 -10.657 1.639 -0.677 -9.146
2.838 -3.963 -10.256 3.599 -4.736 -11.22 2.718 -5.743 -11.915 5.795 -6.163 -11.255
1.908 -6.471 -11.154 1.073 -7.511 -11.751 0.015 -6.916 -12.669 1.388 -9.199 -9.993
-0.445 -5.694 -12.358 -1.352 -4.983 -13.26 -0.653 -4.605 -14.571 -2.434 -3.585 -12.467
0.594 -4.138 -14.488 1.379 -3.826 -15.686 1.548 -5.062 -16.566 2.751 -3.264 -15.269
1.766 -6.219 -15.943 1.893 -7.445 -16.721 0.599 -7.833 -17.43 4.577 -9.202 -14.717
-0.543 -7.675 -16.769 -1.84 -7.909 -17.412 -1.99 -6.929 -18.566 -3.542 -8.368 -15.848
-1.606 -5.651 -18.352 -1.819 -4.676 -19.428 -1.021 -5.069 -20.67 -3.203 -2.695 -18.64
0.175 -5.628 -20.492 0.949 -6.021 -21.673 0.304 -7.228 -22.36 3.482 -6.43 -22.24
-0.218 -8.19 -21.586 -0.997 -9.27 -22.2 -2.182 -8.721 -23.006 -0.42 -12.069 -20.051
-2.948 -7.777 -22.43 -4.091 -7.202 -23.162 -3.627 -6.464 -24.409 -5.991 -6.229 -20.624
-2.498 -5.738 -24.311 -1.949 -5.056 -25.479 -1.612 -6.055 -26.587 0.561 -2.856 -25.561
-1.076 -7.214 -26.205 -0.784 -8.221 -27.217 -2.015 -8.826 -27.852 1.323 -8.941 -26.19
-3.219 -8.612 -27.339 -4.459 -9.118 -27.933 -5.192 -8.076 -28.759 -4.572 -11.327 -26.872
-4.649 -6.867 -28.911 -5.278 -5.831 -29.715 -5.228 -6.168 -31.165 -4.211 -3.762 -28.732
