GEVAQAVKEVAKAVKEVAWAVKEVAQAVKG
CHHHHHHHHHHHHHHHHHHHHHHHHHHHHC
7.644 70.629 24.046 6.513 69.726 23.881 6.621 68.711 22.75 5.726 69.797 24.494
7.009 69.16 21.553 7.125 68.252 20.412 8.198 67.185 20.646 7.716 69.017 17.188
9.356 67.594 21.167 10.422 66.639 21.479 9.987 65.675 22.582 12.263 67.29 21.569
9.372 66.198 23.655 8.916 65.322 24.74 7.93 64.263 24.242 8.313 66.155 25.874
7.011 64.643 23.345 6.053 63.676 22.804 6.752 62.574 22.009 3.382 64.089 23.007
7.767 62.938 21.22 8.525 61.939 20.472 9.286 60.997 21.407 9.475 62.627 19.49
9.861 61.533 22.493 10.559 60.691 23.471 9.591 59.698 24.13 11.889 61.549 24.632
8.363 60.15 24.441 7.343 59.237 24.967 7.015 58.111 23.978 5.455 61.29 27.339
7.067 58.379 22.664 6.88 57.313 21.674 7.993 56.266 21.752 5.699 59.179 19.136
9.229 56.696 22.04 10.317 55.74 22.259 10.031 54.87 23.485 12.175 56.357 22.048
9.582 55.488 24.593 9.273 54.711 25.8 8.233 53.625 25.517 8.814 55.63 26.942
7.192 53.962 24.752 6.172 52.977 24.398 6.752 51.83 23.564 3.035 52.68 22.837
7.61 52.151 22.588 8.242 51.107 21.776 9.122 50.185 22.626 9.047 51.747 20.644
9.823 50.748 23.622 10.659 49.932 24.508 9.805 48.957 25.325 12.141 50.809 25.453
8.636 49.411 25.803 7.712 48.502 26.487 7.245 47.364 25.576 6.191 50.479 29.093
7.088 47.626 24.272 6.75 46.551 23.336 7.873 45.516 23.226 5.107 48.377 21.062
9.134 45.962 23.263 10.258 45.023 23.333 10.166 44.157 24.592 12.047 45.68 22.859
9.893 44.776 25.755 9.809 44.006 27.001 8.762 42.896 26.904 9.538 44.922 28.203
7.593 43.2 26.333 6.564 42.173 26.185 7.004 41.058 25.232 3.272 40.57 26.359
7.65 41.411 24.112 8.156 40.392 23.189 9.16 39.459 23.874 8.761 41.062 21.956
10.028 40.014 24.729 10.98 39.191 25.483 10.251 38.233 26.432 12.603 40.081 26.156
9.192 38.711 27.102 8.391 37.816 27.934 7.777 36.684 27.117 7.397 39.946 30.652
7.42 36.946 25.854 6.906 35.879 24.992 7.971 34.818 24.709 4.874 37.457 22.856
9.234 35.23 24.54 10.329 34.26 24.419 10.425 33.403 25.681 12.033 34.885 23.661
10.362 34.037 26.862 10.446 33.266 28.106 9.33 32.227 28.202 10.428 34.19 29.326
8.11 32.605 27.815 6.994 31.663 27.841 7.204 30.515 26.856 4.768 31.142 28.759
7.756 30.81 25.672 8.021 29.762 24.688 9.07 28.775 25.198 8.44 30.392 23.356
10.106 29.279 25.875 11.124 28.402 26.46 10.511 27.485 27.514 12.849 29.176 26.927
9.695 28.049 28.408 9.073 27.248 29.46 8.12 26.203 28.895 8.04 29.735 31.853
7.429 26.519 27.801 6.471 25.6 27.21 7.112 24.462 26.441 5.486 25.735 27.32
