MEFVAKLFKFFKDLLAKFLGNN
CHHHHHHHHHHHHHHHHHHCCC
-24.164 5.556 12.71 -23.487 6.422 11.716 -24.216 6.212 10.394 -20.454 6.548 11.256
-24.487 7.315 9.715 -25.161 7.292 8.42 -24.339 6.529 7.355 -24.104 10.047 8.583
-25.006 6.033 6.31 -24.333 5.11 5.423 -23.161 5.745 4.67 -24.25 2.607 3.148
-23.331 6.958 4.151 -22.245 7.547 3.355 -21.013 7.77 4.249 -22.64 8.917 2.049
-21.219 8.194 5.487 -20.126 8.365 6.437 -19.434 7.03 6.749 -20.621 9.024 7.718
-20.209 5.955 6.925 -19.649 4.619 7.164 -18.77 4.214 6.005 -22.219 2.339 8.197
-19.223 4.499 4.792 -18.508 4.065 3.612 -17.224 4.913 3.409 -19.272 3.296 1.23
-17.301 6.224 3.629 -16.126 7.088 3.553 -15.095 6.648 4.599 -17.262 9.832 1.795
-15.557 6.386 5.82 -14.69 5.893 6.894 -14.003 4.586 6.538 -14.89 4.931 10.345
-14.731 3.665 5.919 -14.114 2.413 5.525 -12.912 2.641 4.599 -14.096 -0.494 3.857
-13.056 3.498 3.599 -11.962 3.702 2.646 -10.811 4.504 3.249 -13.813 2.766 -0.062
-11.123 5.45 4.123 -10.086 6.219 4.765 -9.289 5.3 5.699 -10.841 8.837 6.528
-9.971 4.429 6.428 -9.319 3.461 7.317 -8.495 2.471 6.528 -10.991 3.571 9.186
-8.986 2.034 5.351 -8.241 1.119 4.516 -6.947 1.785 4.053 -8.868 -0.55 2.606
-7.025 3.029 3.608 -5.835 3.743 3.183 -4.831 3.872 4.335 -5.31 5.879 1.774
-5.316 4.09 5.552 -4.435 4.17 6.724 -3.7 2.901 7.036 -5.221 4.618 7.944
-4.219 1.748 6.615 -3.468 0.494 6.829 -2.187 0.472 6.0 -5.478 -1.63 8.37
-2.158 1.246 4.916 -1.002 1.366 4.056 -0.121 2.553 4.382 -2.353 -0.784 1.969
-0.723 3.706 4.701 0.019 4.954 4.836 0.17 5.46 6.256 -0.494 5.966 2.52
-0.509 4.822 7.2 -0.472 5.203 8.612 -1.579 6.109 9.084 0.256 4.869 9.21
-1.581 6.397 10.393 -2.656 7.203 10.986 -2.474 8.67 10.594 -2.14 5.921 13.081
-1.211 9.056 10.413 -0.807 10.377 9.89 -1.232 11.538 10.787 -0.859 10.224 8.1
