DDLGFDPFVETQKGLAELMENEVVQ
CCCCCCCHHHHHHHHHHHHHCCCCC
3.717 36.446 6.177 4.532 35.746 7.164 3.682 35.268 8.34 6.765 35.879 8.193
2.375 35.162 8.118 1.444 34.714 9.141 0.48 33.698 8.545 -0.014 35.509 10.969
-0.133 32.918 9.431 -1.04 31.844 9.055 -2.495 32.283 8.976 0.183 29.793 10.269
-2.833 33.455 9.507 -4.216 33.853 9.629 -4.914 33.321 10.858 -4.644 34.434 8.937
-4.208 32.58 11.709 -4.779 32.026 12.927 -3.64 31.723 13.89 -4.271 28.861 11.752
-4.011 31.383 15.121 -3.046 30.983 16.132 -3.214 29.496 16.394 -2.184 31.612 18.372
-2.202 28.668 16.114 -2.379 27.215 16.295 -2.668 26.802 17.728 -0.681 27.804 15.688
-2.075 27.472 18.719 -2.342 27.091 20.103 -3.724 27.547 20.553 -1.754 27.216 23.434
-4.154 28.733 20.118 -5.487 29.206 20.479 -6.551 28.298 19.878 -5.83 31.121 20.372
-6.355 27.877 18.626 -7.307 26.966 18.001 -7.288 25.596 18.666 -8.157 28.343 15.938
-6.14 25.188 19.213 -6.078 23.925 19.942 -6.91 23.992 21.217 -4.37 23.068 20.171
-6.805 25.1 21.957 -7.6 25.264 23.17 -9.087 25.269 22.847 -5.855 27.58 24.868
-9.459 25.887 21.725 -10.858 25.92 21.318 -11.361 24.522 20.986 -10.891 29.321 19.543
-10.551 23.736 20.274 -10.976 22.402 19.885 -11.024 21.425 21.044 -11.207 22.183 18.937
-10.021 21.47 21.924 -9.956 20.52 23.029 -10.917 20.853 24.163 -7.505 19.645 22.92
-11.404 22.093 24.238 -12.346 22.446 25.295 -13.67 21.714 25.118 -12.565 23.958 25.321
-14.129 21.576 23.874 -15.371 20.854 23.621 -15.197 19.36 23.861 -16.384 22.437 20.844
-14.056 18.803 23.449 -13.852 17.364 23.568 -13.594 16.942 25.008 -12.59 15.549 22.2
-12.99 17.814 25.82 -12.765 17.472 27.222 -14.084 17.278 27.96 -10.452 19.431 28.027
-15.104 18.06 27.605 -16.407 17.94 28.246 -17.233 16.785 27.698 -17.136 21.203 28.379
-16.951 16.325 26.478 -17.698 15.235 25.865 -16.927 13.919 25.882 -19.037 16.685 24.342
-15.944 13.787 26.774 -15.2 12.548 26.934 -15.217 12.01 28.357 -11.956 13.413 27.0
-15.658 12.801 29.332 -15.609 12.42 30.739 -16.878 11.676 31.129 -15.223 14.187 31.467
-16.742 10.837 32.153 -17.786 9.935 32.629 -18.518 10.519 33.829 -17.428 8.033 32.826
-19.836 10.316 33.849 -20.718 10.675 34.957 -20.147 10.273 36.323 -23.072 9.466 35.687
