PMYQVKPYHGGGAPLRVELPTCMYRLPNVH
CCCCCCCCCCCCCCCEEECCCCEEECCCCC
-18.963 31.191 36.098 -18.19 30.392 35.139 -16.728 30.84 35.056 -19.4 31.637 34.425
-15.812 29.877 35.041 -14.392 30.202 35.032 -13.994 30.83 33.703 -12.757 29.091 36.745
-12.966 31.687 33.755 -12.525 32.426 32.581 -12.031 31.497 31.48 -8.848 32.275 33.716
-12.195 31.962 30.244 -11.878 31.165 29.067 -10.374 30.998 28.877 -13.894 30.682 26.986
-9.965 29.773 28.596 -8.595 29.472 28.21 -8.672 28.651 26.929 -7.313 28.813 29.537
-7.982 29.09 25.88 -8.046 28.361 24.62 -7.419 26.97 24.761 -6.615 29.316 23.714
-7.951 25.977 24.047 -7.358 24.635 24.099 -5.939 24.648 23.559 -9.012 24.792 23.195
-5.104 23.759 24.098 -3.74 23.668 23.584 -3.697 23.202 22.125 -2.077 24.078 26.948
-4.742 22.543 21.623 -4.745 22.254 20.183 -4.897 23.51 19.308 -7.924 21.944 20.09
-5.017 24.695 19.9 -5.058 25.934 19.148 -6.434 26.563 19.151 -4.249 26.304 18.691
-7.463 25.72 19.089 -8.839 26.165 19.106 -9.451 26.462 17.756 -9.325 26.259 19.975
-8.689 26.35 16.67 -9.215 26.674 15.358 -10.258 25.692 14.863 -8.897 27.478 14.855
-9.819 24.483 14.544 -10.675 23.42 14.049 -10.32 22.133 14.776 -10.521 23.228 12.534
-11.252 21.186 14.851 -10.908 19.872 15.399 -9.821 19.198 14.575 -12.734 20.199 15.14
-8.94 18.498 15.275 -7.855 17.785 14.623 -8.427 16.754 13.654 -5.832 16.284 15.586
-7.879 16.714 12.439 -8.276 15.741 11.416 -7.015 15.019 10.932 -11.41 16.995 8.889
-6.654 13.913 11.594 -5.412 13.209 11.275 -5.471 12.622 9.861 -5.452 11.971 12.784
-4.306 12.545 9.203 -4.238 11.862 7.911 -4.218 10.354 8.14 -2.997 12.317 7.129
-5.074 9.637 7.426 -5.287 8.209 7.628 -4.824 7.415 6.409 -7.335 8.026 9.246
-4.542 6.112 6.563 -4.15 5.297 5.406 -5.268 5.246 4.385 -4.074 4.451 7.089
-4.883 5.093 3.128 -5.855 5.251 2.061 -5.692 4.126 1.05 -5.614 6.717 0.871
-6.755 3.908 0.283 -6.883 2.767 -0.618 -7.339 3.277 -1.979 -8.114 1.041 -0.507
-6.558 3.012 -3.021 -6.908 3.464 -4.364 -8.21 2.822 -4.832 -5.341 3.824 -6.844
-9.119 3.631 -5.38 -10.417 3.102 -5.763 -10.303 2.232 -6.998 -11.224 5.526 -8.645
-11.325 1.421 -7.196 -11.4 0.534 -8.341 -12.592 0.875 -9.234 -10.194 -3.625 -7.404
-12.411 0.653 -10.528 -13.446 0.711 -11.552 -13.824 -0.703 -11.985 -13.04 2.975 -12.724
-15.074 -0.918 -12.382 -15.539 -2.278 -12.692 -15.01 -2.802 -14.027 -16.816 -0.898 -12.809
-14.889 -4.135 -14.134 -14.534 -4.749 -15.419 -15.609 -4.458 -16.466 -13.791 -6.951 -16.388
-15.219 -3.808 -17.566 -16.199 -3.484 -18.588 -16.728 -4.743 -19.255 -15.069 -2.361 -19.715
-16.023 -5.866 -19.125 -16.446 -7.133 -19.71 -17.179 -7.975 -18.668 -14.059 -6.69 -21.681
