SGKRKLITSEEERDPAKRGRKS
CCCCCCCCCHHHCCHHHCCCCC
-5.164 -4.383 -8.963 -5.849 -5.233 -9.932 -4.853 -6.168 -10.604 -6.158 -4.181 -11.506
-3.555 -5.893 -10.441 -2.56 -6.818 -10.931 -2.151 -7.92 -9.959 -2.19 -6.706 -11.853
-2.747 -8.002 -8.767 -2.337 -9.071 -7.848 -2.807 -10.413 -8.375 -1.361 -7.26 -5.199
-1.968 -11.442 -8.21 -2.32 -12.785 -8.68 -2.165 -13.766 -7.517 0.24 -13.399 -11.558
-3.297 -14.331 -7.05 -3.208 -15.252 -5.908 -2.635 -16.603 -6.331 -5.339 -13.835 -3.601
-2.24 -17.38 -5.325 -1.57 -18.653 -5.551 -2.449 -19.622 -6.319 -0.387 -20.432 -3.981
-1.855 -20.281 -7.312 -2.466 -21.438 -7.947 -1.554 -22.641 -7.736 -3.364 -20.82 -10.035
-2.105 -23.742 -7.24 -1.358 -24.996 -7.211 -2.175 -26.12 -7.841 -1.085 -25.154 -5.313
-1.479 -27.179 -8.258 -2.121 -28.41 -8.707 -1.826 -29.538 -7.721 -1.004 -29.032 -10.1
-2.425 -30.706 -7.982 -2.307 -31.826 -7.051 -0.896 -32.403 -7.014 -5.222 -33.415 -7.531
-0.194 -32.427 -8.152 1.11 -33.085 -8.2 2.181 -32.292 -7.453 2.278 -35.112 -10.062
2.051 -30.963 -7.394 3.041 -30.148 -6.693 2.833 -30.156 -5.182 2.626 -27.67 -8.82
1.591 -30.298 -4.726 1.331 -30.353 -3.296 1.847 -31.661 -2.714 -2.582 -29.396 -3.765
2.334 -31.6 -1.496 2.786 -32.819 -0.847 1.733 -33.316 0.141 5.246 -32.77 -1.068
1.773 -34.602 0.512 0.642 -35.193 1.24 0.397 -34.495 2.564 2.015 -36.379 0.735
-0.878 -34.429 2.949 -1.227 -33.953 4.261 -1.208 -35.058 5.299 -2.63 -33.307 4.259
-1.163 -36.316 4.887 -1.267 -37.388 5.867 0.106 -38.026 6.097 -4.657 -38.63 4.579
0.263 -38.642 7.264 1.515 -39.288 7.656 1.196 -40.564 8.418 3.412 -37.0 10.266
1.774 -41.698 8.0 1.63 -42.9 8.813 2.761 -42.983 9.823 0.883 -43.555 8.698
2.582 -43.761 10.91 3.645 -43.944 11.891 4.323 -45.282 11.617 4.3 -43.99 16.468
5.612 -45.26 11.282 6.257 -46.509 10.889 6.988 -47.203 12.021 5.659 -46.576 7.762
7.296 -46.513 13.106 7.969 -47.193 14.217 7.826 -46.396 15.512 8.954 -46.289 14.387
