GVTSEGKFDKFLEERAKAADRLPNLSS
CCCCCCHHHHHHHHHHHHHHHCCCCCC
87.844 -1.545 72.493 86.807 -2.569 72.413 85.925 -2.605 71.161 86.706 -3.21 73.174
85.956 -3.716 70.417 85.092 -3.932 69.25 84.275 -5.21 69.365 86.396 -3.916 67.818
84.017 -5.605 70.587 83.024 -6.601 70.8 81.697 -5.9 70.481 83.114 -7.631 72.387
81.598 -4.591 70.747 80.296 -3.925 70.667 79.858 -3.791 69.21 80.762 -2.104 70.982
80.828 -3.583 68.329 80.543 -3.519 66.903 80.222 -4.912 66.35 82.851 -1.252 66.141
80.842 -5.943 66.92 80.433 -7.31 66.641 78.964 -7.508 66.997 81.056 -7.997 66.268
78.587 -6.99 68.164 77.217 -7.063 68.651 76.272 -6.359 67.677 77.119 -6.315 72.184
76.712 -5.218 67.16 75.905 -4.478 66.192 75.73 -5.301 64.911 75.102 -1.69 64.4
76.795 -5.989 64.5 76.74 -6.891 63.347 75.703 -8.009 63.517 79.081 -6.549 62.597
75.757 -8.69 64.66 74.799 -9.753 64.975 73.36 -9.22 64.973 74.13 -9.948 68.052
73.197 -8.035 65.557 71.916 -7.351 65.576 71.386 -7.126 64.154 70.284 -4.365 65.75
72.249 -6.623 63.28 71.836 -6.392 61.901 71.48 -7.696 61.202 73.019 -4.228 61.079
72.186 -8.77 61.527 71.896 -10.034 60.862 70.519 -10.583 61.268 73.395 -12.888 61.684
70.154 -10.406 62.538 68.822 -10.846 62.962 67.721 -9.957 62.384 69.217 -12.797 64.624
67.982 -8.651 62.337 67.015 -7.758 61.713 66.83 -8.144 60.253 65.145 -6.037 63.133
67.932 -8.482 59.586 67.896 -8.824 58.173 67.008 -10.033 58.005 69.297 -9.093 57.636
66.946 -10.894 58.988 66.04 -12.012 58.903 64.618 -11.67 59.21 68.344 -14.482 59.522
64.408 -10.577 59.907 63.03 -10.246 60.313 62.04 -9.979 59.154 63.04 -9.05 61.251
62.535 -9.81 57.929 61.662 -9.524 56.782 61.201 -10.743 55.97 62.347 -8.549 55.856
61.744 -11.919 56.246 61.4 -13.08 55.428 59.952 -13.53 55.647 63.746 -13.843 55.426
59.327 -13.006 56.697 57.933 -13.308 57.005 56.976 -12.338 56.312 57.023 -13.796 60.619
57.536 -11.312 55.687 56.739 -10.272 55.06 56.305 -10.7 53.672 57.738 -8.065 56.077
55.114 -10.26 53.242 54.685 -10.632 51.892 55.468 -9.884 50.823 53.476 -9.59 52.89
55.665 -10.512 49.675 56.235 -9.826 48.52 55.251 -8.849 47.892 57.717 -11.723 47.972
55.755 -7.68 47.496 54.936 -6.701 46.794 54.48 -7.281 45.466 55.978 -4.441 47.628
55.363 -8.062 44.852 55.115 -8.651 43.535 54.065 -9.76 43.559 56.654 -9.744 43.318
53.933 -10.421 44.708 52.966 -11.507 44.918 53.157 -12.13 46.296 52.786 -12.399 43.234
