SKDSYTLLMNNRTARRHQRRGIDRKQL
CCHHCHHHHCCHHHHHHHHCCCCHHCC
0.699 -2.258 -20.87 1.845 -3.171 -21.147 2.322 -3.858 -19.872 3.593 -2.79 -21.834
2.469 -5.179 -19.948 3.007 -5.98 -18.85 4.461 -5.599 -18.548 3.057 -8.632 -16.928
5.254 -5.422 -19.603 6.663 -5.051 -19.463 6.842 -3.646 -18.888 7.562 -6.542 -21.22
6.045 -2.695 -19.376 6.08 -1.314 -18.886 5.775 -1.251 -17.392 5.276 -0.392 -20.346
4.759 -2.006 -16.976 4.371 -2.115 -15.57 5.507 -2.685 -14.718 2.156 -3.34 -12.731
6.098 -3.784 -15.189 7.201 -4.454 -14.493 8.382 -3.508 -14.272 7.639 -6.259 -15.068
8.785 -2.806 -15.332 9.886 -1.844 -15.261 9.597 -0.71 -14.269 11.29 -0.378 -17.065
8.387 -0.154 -14.335 7.948 0.868 -13.382 8.05 0.368 -11.941 5.72 2.273 -12.922
7.526 -0.832 -11.697 7.493 -1.4 -10.348 8.885 -1.726 -9.819 4.836 -1.694 -9.742
9.761 -2.202 -10.703 11.162 -2.442 -10.355 11.881 -1.154 -9.946 11.54 -4.525 -11.698
11.546 -0.05 -10.614 12.115 1.253 -10.282 11.604 1.778 -8.943 12.77 2.178 -12.51
10.312 1.576 -8.693 9.698 1.917 -7.408 10.361 1.136 -6.274 5.504 2.585 -7.208
10.581 -0.157 -6.499 11.263 -1.012 -5.526 12.691 -0.52 -5.261 11.058 -2.942 -5.656
13.423 -0.201 -6.329 14.795 0.305 -6.221 14.866 1.594 -5.399 15.409 0.506 -7.605
13.986 2.548 -5.704 13.942 3.816 -4.973 13.562 3.62 -3.509 11.969 5.791 -8.113
12.647 2.685 -3.248 12.248 2.358 -1.871 13.419 1.777 -1.073 9.513 -0.355 -1.71
14.188 0.889 -1.704 15.382 0.32 -1.074 16.389 1.41 -0.718 14.995 -2.68 -2.126
16.506 2.406 -1.597 17.401 3.547 -1.381 16.951 4.388 -0.186 18.03 4.494 -4.557
15.646 4.649 -0.1 15.08 5.391 1.026 15.309 4.641 2.337 11.485 5.962 -0.874
15.12 3.321 2.313 15.374 2.486 3.492 16.833 2.556 3.932 12.853 -0.869 2.745
17.748 2.475 2.967 19.183 2.603 3.247 19.504 3.911 3.949 19.847 1.899 2.995
18.959 5.008 3.428 19.149 6.333 4.028 18.607 6.364 5.464 18.746 8.034 2.405
17.381 5.874 5.657 16.741 5.826 6.988 17.56 5.071 8.026 14.411 5.913 6.17
18.215 4.003 7.584 18.923 3.095 8.478 20.413 3.384 8.539 15.983 -0.11 7.75
20.843 4.415 7.811 22.257 4.78 7.698 23.103 3.595 7.214 22.929 7.123 10.483
22.585 2.911 6.193 23.281 1.826 5.504 23.727 2.307 4.128 21.329 -0.853 6.151
24.818 1.737 3.619 25.326 2.098 2.293 24.432 1.599 1.157 27.938 2.273 2.667
