DIMPAVKTVIRSIRILKFLVAKRKF
CCHHHHHHHHHHHHHHHHHHHHCCC
-17.298 -11.064 -6.694 -17.899 -9.818 -6.221 -17.272 -8.595 -6.896 -18.528 -8.595 -4.162
-18.118 -7.823 -7.585 -17.685 -6.71 -8.429 -17.834 -5.363 -7.731 -18.222 -6.253 -10.326
-18.442 -5.332 -6.548 -18.78 -4.064 -5.9 -17.575 -3.185 -5.573 -21.063 -3.606 -4.714
-16.481 -3.689 -4.984 -15.333 -2.791 -4.741 -14.832 -2.155 -6.023 -15.159 -4.562 -4.109
-14.76 -2.95 -7.086 -14.342 -2.44 -8.381 -15.253 -1.31 -8.843 -14.338 -3.577 -9.391
-16.567 -1.497 -8.722 -17.507 -0.472 -9.171 -17.409 0.788 -8.312 -19.361 -0.908 -9.573
-17.319 0.632 -6.989 -17.137 1.808 -6.146 -15.873 2.577 -6.541 -17.605 2.878 -2.985
-14.805 1.861 -6.869 -13.573 2.509 -7.312 -13.769 3.24 -8.64 -11.956 1.497 -7.235
-14.537 2.65 -9.553 -14.807 3.31 -10.829 -15.543 4.621 -10.602 -15.514 2.243 -12.32
-16.544 4.615 -9.709 -17.306 5.835 -9.441 -16.4 6.9 -8.822 -19.455 5.262 -8.578
-15.562 6.503 -7.863 -14.669 7.455 -7.226 -13.717 8.052 -8.246 -12.855 5.728 -4.35
-13.243 7.239 -9.195 -12.299 7.756 -10.18 -12.956 8.782 -11.101 -12.18 6.315 -11.407
-14.222 8.574 -11.467 -14.923 9.569 -12.276 -15.154 10.844 -11.475 -16.612 8.513 -13.569
-15.401 10.714 -10.175 -15.585 11.924 -9.388 -14.268 12.652 -9.171 -19.261 10.433 -7.096
-13.149 11.932 -9.128 -11.853 12.611 -9.083 -11.617 13.395 -10.369 -10.288 11.16 -8.078
-11.796 12.743 -11.52 -11.685 13.433 -12.802 -12.598 14.65 -12.863 -10.963 11.544 -14.403
-13.858 14.502 -12.426 -14.778 15.632 -12.446 -14.301 16.741 -11.532 -18.146 14.499 -13.054
-13.786 16.379 -10.365 -13.281 17.404 -9.477 -12.093 18.122 -10.107 -11.436 18.216 -6.776
-11.144 17.366 -10.67 -9.96 18.01 -11.238 -10.326 18.939 -12.389 -8.059 16.244 -10.823
-11.363 18.598 -13.159 -11.73 19.471 -14.263 -12.406 20.731 -13.746 -12.481 18.691 -15.847
-13.332 20.6 -12.786 -13.939 21.804 -12.223 -12.895 22.698 -11.548 -15.072 21.435 -11.26
-11.769 22.124 -11.097 -10.722 22.963 -10.521 -9.96 23.719 -11.608 -7.976 21.814 -8.633
-9.608 23.032 -12.702 -8.974 23.688 -13.844 -9.845 24.817 -14.386 -5.844 22.703 -14.863
-11.158 24.575 -14.492 -12.075 25.539 -15.09 -12.32 26.746 -14.206 -12.814 23.739 -17.498
-12.138 26.617 -12.899 -12.339 27.745 -12.007 -11.058 28.574 -11.977 -12.796 29.22 -9.376
