GELKALAQELKALAKELKALAWELKALAKG
CHHHHHHHHHHHHHHHHHHHHHHHHHHHCC
2.973 8.043 -23.04 2.365 7.038 -22.096 2.536 7.432 -20.628 1.903 6.208 -22.407
1.44 7.379 -19.899 1.412 7.77 -18.488 1.78 6.61 -17.569 -1.0 9.352 -16.927
1.914 5.407 -18.103 2.161 4.257 -17.205 3.296 4.614 -16.24 1.534 2.431 -18.93
4.384 5.167 -16.756 5.6 5.384 -15.94 5.289 6.342 -14.771 8.465 5.168 -18.397
4.52 7.368 -15.036 4.102 8.302 -13.978 3.273 7.559 -12.921 3.365 9.453 -14.6
2.326 6.739 -13.336 1.481 5.992 -12.374 2.384 5.056 -11.558 -0.84 5.932 -13.492
3.393 4.458 -12.166 4.326 3.608 -11.428 5.113 4.431 -10.398 5.243 2.894 -12.381
5.494 5.66 -10.716 6.098 6.553 -9.689 5.116 6.883 -8.551 8.505 7.44 -10.397
3.849 7.083 -8.862 2.865 7.338 -7.799 2.811 6.1 -6.877 0.372 8.779 -9.298
2.823 4.902 -7.454 2.87 3.659 -6.647 4.12 3.664 -5.777 1.599 1.946 -8.109
5.3 3.892 -6.365 6.561 3.866 -5.605 6.493 4.815 -4.422 9.056 3.388 -8.468
5.943 5.992 -4.592 5.814 6.978 -3.5 4.915 6.435 -2.398 5.326 8.293 -4.034
3.786 5.816 -2.749 2.882 5.217 -1.733 3.62 4.069 -1.021 0.422 5.657 -2.739
4.391 3.242 -1.724 5.148 2.141 -1.08 6.14 2.717 -0.062 5.858 1.286 -2.093
6.811 3.789 -0.435 7.758 4.449 0.48 7.061 4.971 1.726 9.387 7.427 0.109
5.884 5.559 1.552 5.087 6.081 2.682 4.679 4.914 3.573 4.23 8.667 2.761
4.284 3.766 3.001 3.881 2.558 3.783 5.048 2.04 4.596 2.029 1.416 2.33
6.204 1.984 3.977 7.37 1.47 4.716 7.714 2.439 5.866 10.285 -0.398 4.108
7.64 3.754 5.643 7.906 4.744 6.713 6.925 4.525 7.866 7.815 6.166 6.189
5.63 4.358 7.576 4.606 4.083 8.62 4.923 2.754 9.335 2.372 5.332 7.821
5.395 1.717 8.636 5.741 0.456 9.292 6.884 0.656 10.274 6.079 -0.574 8.277
7.897 1.399 9.894 9.021 1.708 10.812 8.488 2.511 12.004 11.773 1.958 7.626
7.585 3.452 11.739 6.984 4.279 12.799 6.241 3.395 13.794 5.04 7.014 12.642
5.432 2.453 13.31 4.697 1.524 14.192 5.663 0.685 15.03 2.461 1.008 12.894
6.727 0.194 14.415 7.699 -0.614 15.189 8.294 0.247 16.311 10.528 -2.68 14.813
8.619 1.501 16.019 9.201 2.404 17.039 8.172 2.673 18.136 9.705 3.678 16.408
6.919 2.875 17.775 5.847 3.067 18.773 5.794 1.83 19.671 3.364 3.878 18.772
5.857 0.652 19.09 5.81 -0.604 19.861 6.998 -0.704 20.811 5.8 -1.784 18.942
8.2 -0.329 20.365 9.446 -0.467 21.167 9.377 0.477 22.375 12.076 -1.633 19.404
8.667 1.593 22.254 8.667 2.647 23.277 7.605 2.382 24.31 9.294 3.426 23.271
