SWMEEVIKLCGRELVRAQIAICGMSTW
CHHHHHHHHHHHHHHHHHHHHHHCCCC
26.072 -1.256 18.795 25.979 -0.253 19.857 26.585 1.119 19.486 27.336 -0.58 21.288
25.923 2.079 20.126 26.291 3.492 20.087 27.723 3.632 20.621 26.024 3.914 23.858
28.334 2.668 21.323 29.691 2.877 21.839 30.837 2.917 20.836 29.73 1.414 24.413
30.459 2.397 19.667 31.463 2.35 18.583 31.468 3.663 17.821 32.033 -0.205 18.937
30.498 4.53 18.032 30.494 5.826 17.313 31.732 6.625 17.646 28.094 8.167 17.566
32.393 7.336 16.769 33.574 8.137 16.908 33.159 9.598 16.876 35.184 7.677 15.788
33.704 10.341 17.852 33.477 11.75 18.071 34.826 12.485 18.044 32.602 11.671 20.33
34.694 13.758 17.726 35.888 14.623 17.731 35.298 15.904 18.279 38.018 16.478 15.673
35.532 16.121 19.644 34.945 17.277 20.34 35.948 17.802 21.399 32.416 16.542 20.615
35.76 19.06 21.644 36.677 19.728 22.591 35.876 20.564 23.627 38.043 20.43 21.215
36.653 20.834 24.738 36.04 21.711 25.756 34.637 21.327 26.257 36.541 22.511 26.084
33.767 22.363 26.266 32.392 22.137 26.787 31.633 20.982 26.167 31.022 26.202 28.166
31.961 20.932 24.805 31.28 19.825 24.079 31.707 18.401 24.449 31.414 21.37 21.122
32.993 18.331 24.707 33.549 17.044 25.183 32.948 16.701 26.614 35.823 15.916 25.344
32.962 17.777 27.435 32.412 17.526 28.803 30.981 17.052 28.766 32.875 18.738 30.255
30.146 17.71 27.922 28.724 17.387 27.802 28.544 15.969 27.271 27.637 21.763 27.15
29.417 15.569 26.282 29.329 14.219 25.806 29.694 13.2 26.905 30.22 14.111 24.556
30.717 13.579 27.662 31.114 12.654 28.775 29.928 12.415 29.722 33.22 11.617 30.098
29.345 13.56 30.02 28.182 13.525 30.939 27.048 12.654 30.445 27.875 15.648 32.028
26.686 12.875 29.139 25.617 12.087 28.537 26.005 10.617 28.436 25.329 12.589 27.111
27.218 10.231 28.123 27.669 8.857 28.024 27.511 8.168 29.436 29.642 8.69 26.645
28.005 8.91 30.445 27.877 8.21 31.766 26.417 8.125 32.135 29.518 9.007 32.68
25.577 9.059 31.788 24.154 9.155 32.054 23.323 8.063 31.412 23.786 9.894 32.619
23.792 7.527 30.302 23.187 6.484 29.464 23.522 5.075 29.935 23.373 7.422 26.606
24.74 5.008 30.444 25.381 3.829 31.019 24.942 3.678 32.493 27.329 4.131 30.582
23.664 3.735 32.843 23.253 3.573 34.26 21.868 2.899 34.415 23.539 5.383 35.136
21.796 2.213 35.564 20.638 1.468 36.073 20.346 2.141 37.438 18.551 -1.71 34.848
