LYSALANKCCHVGCTKRSLARFC
CHHHHHHCCCCCCCCHHHHHHHC
46.25 9.284 32.219 45.221 8.681 31.408 44.054 9.574 30.99 44.579 6.369 31.039
43.22 10.15 31.799 42.101 10.943 31.249 42.507 12.177 30.472 38.656 12.347 31.251
43.506 12.892 30.897 43.993 14.092 30.206 44.448 13.674 28.767 45.636 14.426 31.09
45.07 12.536 28.645 45.587 12.067 27.329 44.373 11.795 26.485 46.44 10.823 27.522
43.414 11.086 26.946 42.198 10.727 26.204 41.476 11.996 25.801 40.154 9.158 26.339
41.312 12.995 26.654 40.609 14.216 26.301 41.42 14.909 25.199 40.405 15.068 27.58
42.729 14.893 25.24 43.506 15.556 24.138 43.233 14.792 22.774 45.769 16.306 23.678
43.323 13.517 22.874 43.063 12.704 21.627 41.667 13.042 21.218 42.635 9.413 20.449
40.555 13.037 21.865 39.18 13.231 21.543 39.071 14.553 20.855 38.104 12.414 23.123
39.727 15.61 21.25 39.668 16.956 20.743 40.487 17.166 19.449 40.252 18.778 21.553
41.642 16.572 19.429 42.51 16.734 18.244 42.391 15.632 17.212 44.153 18.599 19.957
42.108 14.4 17.478 42.112 13.307 16.473 40.789 12.64 16.382 43.566 11.988 16.889
40.02 12.51 17.47 38.734 11.812 17.528 38.974 10.642 18.499 37.905 12.069 17.032
37.931 10.06 18.99 37.943 8.936 19.947 36.584 8.26 19.917 37.644 9.939 21.768
36.452 6.987 20.338 35.155 6.331 20.384 34.429 6.648 21.723 35.88 4.517 20.219
33.153 6.549 21.669 32.296 6.77 22.865 32.732 5.671 23.806 29.128 8.234 21.6
33.079 4.462 23.524 33.512 3.399 24.427 34.734 3.886 25.186 33.218 -0.455 23.699
35.733 4.572 24.701 36.947 5.032 25.35 36.517 5.973 26.521 37.667 6.332 24.189
35.561 6.823 26.318 35.076 7.764 27.327 34.262 6.973 28.346 34.824 9.991 26.105
33.453 6.036 27.972 32.63 5.235 28.852 33.527 4.518 29.911 31.777 4.23 28.093
34.776 4.241 29.635 35.653 3.579 30.606 35.804 4.453 31.863 35.901 1.291 28.831
35.67 5.77 31.713 35.867 6.647 32.885 34.591 6.875 33.67 38.884 7.473 31.741
33.49 6.212 33.455 32.293 6.493 34.216 32.253 5.65 35.521 31.663 6.029 33.633
