DENLPEWAIENPSKLGGSFDASGAFHG
CCCCCHHHCCCHHHCCCCCCCCCCCCC
-23.359 9.965 21.175 -22.885 10.767 22.298 -21.665 10.12 22.943 -23.765 12.071 24.21
-20.715 10.951 23.368 -19.486 10.479 24.001 -19.723 10.395 25.506 -16.942 11.863 22.307
-19.926 9.176 26.001 -20.119 8.921 27.42 -18.785 8.628 28.095 -22.191 7.726 26.717
-18.817 8.561 29.427 -17.657 8.115 30.191 -17.565 6.595 30.126 -16.576 8.664 32.525
-16.525 6.052 29.496 -16.426 4.596 29.356 -16.436 3.896 30.706 -15.092 5.62 28.498
-16.988 2.681 30.713 -17.029 1.889 31.939 -15.64 1.465 32.398 -19.727 -0.024 31.835
-14.712 1.228 31.466 -13.378 0.775 31.849 -12.494 1.901 32.363 -12.395 1.916 28.331
-12.848 3.154 32.092 -12.09 4.278 32.622 -12.344 4.508 34.102 -12.423 5.553 31.844
-13.273 3.77 34.7 -13.71 4.005 36.071 -13.013 3.075 37.054 -16.067 4.362 36.082
-12.984 1.778 36.757 -12.495 0.793 37.709 -10.975 0.668 37.637 -15.106 -0.596 37.111
-10.406 0.101 38.697 -8.958 -0.031 38.796 -8.419 -0.796 37.587 -7.238 -1.297 40.078
-7.428 -0.251 36.874 -6.919 -0.952 35.684 -5.88 -2.015 35.994 -6.445 0.876 35.896
-5.207 -1.928 37.14 -4.104 -2.823 37.486 -4.61 -3.866 38.48 -3.011 -1.912 38.747
-5.056 -5.001 37.951 -5.387 -6.167 38.754 -4.651 -7.365 38.178 -8.772 -5.735 37.432
-4.216 -8.263 39.054 -3.439 -9.414 38.626 -4.359 -10.551 38.19 -1.254 -9.14 39.91
-3.797 -11.464 37.407 -4.564 -12.57 36.881 -5.15 -12.266 35.519 -4.674 -13.425 37.387
-5.989 -13.19 35.061 -6.608 -13.056 33.759 -6.391 -14.263 32.871 -7.121 -12.235 33.506
-7.468 -14.754 32.267 -7.41 -15.887 31.351 -8.707 -15.915 30.552 -7.749 -17.349 32.514
-8.792 -16.857 29.619 -9.986 -17.048 28.811 -10.399 -18.511 28.875 -9.008 -14.247 27.13
-11.704 -18.752 28.871 -12.23 -20.1 28.995 -12.524 -20.677 27.613 -14.511 -19.252 29.375
-13.029 -21.914 27.602 -13.289 -22.616 26.349 -14.181 -21.808 25.413 -13.923 -23.978 26.639
-15.141 -21.063 25.961 -16.075 -20.278 25.162 -15.498 -18.94 24.7 -17.851 -20.531 25.798
-14.217 -18.678 24.949 -13.642 -17.397 24.589 -14.055 -16.244 25.474 -13.023 -17.317 23.808
-14.698 -16.518 26.606 -15.101 -15.478 27.543 -13.968 -15.205 28.526 -16.373 -15.886 28.288
-13.684 -13.924 28.753 -12.587 -13.516 29.62 -12.948 -13.713 31.088 -10.506 -11.138 30.918
-11.944 -14.074 31.884 -12.092 -14.255 33.326 -11.159 -13.271 34.021 -13.324 -17.202 33.207
-11.73 -12.229 34.615 -10.944 -11.156 35.198 -10.576 -11.369 36.651 -10.685 -10.357 34.657
