YYDPETGTWY
CCCCCCCCCC
1.328 0.0 0.0 2.093 0.001 -1.242 1.587 -1.079 -2.194 5.19 -0.54 -3.331
0.854 -0.658 -3.218 0.308 -1.588 -4.2 1.4 -2.496 -4.757 -1.864 -2.512 -7.147
1.032 -3.736 -5.06 1.978 -4.704 -5.602 1.614 -5.076 -7.036 3.102 -6.829 -5.064
1.86 -4.146 -7.97 1.565 -4.353 -9.391 2.491 -5.382 -10.031 2.334 -2.698 -8.935
3.607 -5.663 -9.365 4.575 -6.629 -9.871 3.938 -8.007 -10.026 7.662 -7.288 -8.933
3.524 -8.59 -8.905 2.901 -9.908 -8.914 1.434 -9.819 -9.319 3.241 -11.086 -7.414
0.62 -9.224 -8.452 -0.795 -9.085 -8.739 -1.649 -9.149 -7.488 -1.135 -8.962 -9.671
-1.18 -8.512 -6.42 -1.906 -8.502 -5.156 -2.126 -7.077 -4.66 -1.323 -9.785 -3.827
-3.377 -6.747 -4.362 -3.721 -5.415 -3.876 -3.164 -5.186 -2.475 -5.493 -2.28 -4.371
-2.01 -4.533 -2.402 -1.371 -4.252 -1.122 -1.425 -2.762 -0.801 0.415 -7.464 -0.255
