AAQAAAAQAAAAQAA
CHHHHHHHHHHHHHC
107.691 88.962 63.658 107.31 87.977 64.662 108.551 87.255 65.175 105.334 86.732 64.102
109.395 86.832 64.25 110.629 86.132 64.572 111.62 87.031 65.347 112.179 84.089 62.164
111.693 88.316 64.991 112.571 89.278 65.674 112.102 89.487 67.131 112.9 91.098 65.28
110.796 89.697 67.292 110.211 89.902 68.615 110.375 88.668 69.513 108.113 93.043 67.806
110.14 87.468 68.985 110.279 86.244 69.79 111.719 86.031 70.247 109.356 83.77 69.619
112.646 86.345 69.352 114.079 86.239 69.583 114.512 87.199 70.707 117.255 86.147 68.36
114.031 88.444 70.653 114.377 89.426 71.69 113.761 89.029 73.025 114.065 92.356 70.111
112.508 88.578 72.984 111.787 88.132 74.174 112.562 87.007 74.876 109.445 88.782 73.688
113.051 86.049 74.09 113.829 84.931 74.619 115.159 85.387 75.225 113.065 82.848 73.238
115.721 86.497 74.722 116.966 87.074 75.271 116.675 87.65 76.656 118.468 88.59 72.714
115.577 88.397 76.77 115.185 88.951 78.057 114.871 87.841 79.053 115.139 89.935 78.229
114.153 86.807 78.611 113.807 85.669 79.466 115.065 84.929 79.939 111.404 84.849 78.982
115.958 84.57 79.014 117.206 83.886 79.362 117.984 84.66 80.445 118.069 83.702 78.121
118.103 85.982 80.286 118.804 86.832 81.271 118.183 86.763 82.689 119.598 89.889 82.545
116.872 86.969 82.784 116.162 86.922 84.066 116.198 85.539 84.687 114.602 88.203 83.718
