EQYTAKYKGRTFRNEKELRDFIEKFKGR
CCCCCCCCCCCCCCHHHHHHHHHHHCCC
-14.196 7.703 4.296 -13.829 6.504 3.488 -12.882 6.904 2.352 -15.542 4.386 3.947
-11.596 6.846 2.593 -10.613 7.221 1.531 -10.538 6.12 0.469 -8.389 9.098 2.469
-9.646 6.258 -0.481 -9.515 5.226 -1.559 -9.305 3.829 -0.971 -6.017 6.158 -0.729
-9.719 2.816 -1.69 -9.557 1.419 -1.196 -8.535 0.673 -2.059 -11.434 1.074 -1.391
-7.431 1.309 -2.365 -6.376 0.662 -3.21 -6.018 -0.724 -2.683 -5.15 1.563 -3.08
-6.002 -1.715 -3.525 -5.621 -3.082 -3.057 -4.348 -3.527 -3.77 -7.952 -4.609 -5.372
-3.479 -4.197 -3.064 -2.198 -4.652 -3.679 -2.015 -6.158 -3.475 -1.115 -1.16 -3.929
-1.794 -6.578 -2.256 -1.617 -8.034 -1.979 -2.715 -8.51 -1.023 0.636 -9.918 -2.083
-3.954 -8.363 -1.417 -5.08 -8.789 -0.537 -5.175 -7.832 0.651 -5.668 -9.578 -0.713
-4.785 -6.595 0.458 -4.842 -5.602 1.571 -5.215 -4.223 1.028 -1.673 -7.757 3.857
-6.396 -3.744 1.33 -6.793 -2.394 0.833 -5.968 -1.326 1.561 -8.691 -2.158 0.793
-5.665 -0.234 0.908 -4.864 0.839 1.567 -5.72 2.089 1.765 -2.07 -0.76 0.846
-5.832 2.54 2.986 -6.647 3.755 3.277 -5.75 4.832 3.885 -10.4 2.875 4.265
-4.519 4.889 3.449 -3.569 5.905 3.992 -2.334 5.998 3.094 -3.01 6.509 6.292
-1.991 7.185 2.667 -0.8 7.354 1.778 0.469 6.873 2.49 0.235 10.01 0.264
0.545 7.06 3.784 1.753 6.619 4.545 1.98 5.119 4.366 2.565 6.009 7.892
0.92 4.37 4.386 1.03 2.887 4.218 1.435 2.55 2.782 0.092 1.742 6.29
0.656 2.993 1.83 0.963 2.712 0.391 2.375 3.187 0.038 -0.735 2.82 -1.515
2.756 4.351 0.493 4.129 4.857 0.19 5.183 3.92 0.792 3.94 7.644 -1.912
4.807 3.123 1.766 5.785 2.188 2.395 5.599 0.769 1.846 6.55 1.652 4.629
4.399 0.422 1.443 4.159 -0.951 0.898 4.866 -1.132 -0.452 2.202 -3.358 -0.164
4.332 -0.536 -1.495 4.937 -0.668 -2.861 6.448 -0.403 -2.8 3.434 0.43 -3.913
6.851 0.463 -1.911 8.304 0.776 -1.772 9.036 -0.436 -1.197 9.548 3.32 -0.089
8.373 -1.193 -0.361 9.014 -2.402 0.232 8.798 -3.604 -0.687 10.217 -2.309 2.962
7.561 -3.914 -0.997 7.279 -5.066 -1.891 7.367 -4.635 -3.359 5.344 -7.65 -2.713
8.48 -4.069 -3.753 8.638 -3.621 -5.173 8.589 -4.815 -6.13 10.869 -0.975 -5.823
8.86 -5.99 -5.635 8.835 -7.203 -6.505 10.264 -7.573 -6.904 8.002 -7.686 -6.775
10.84 -8.543 -6.242 12.235 -8.961 -6.575 12.327 -10.487 -6.649 14.19 -6.293 -4.587
