MKVIFLKDVKGMGKKGEIKNVADGYANNFLFKQGLAIEA
CEEEEEECCCCCCCCCCEEECCCCCCCCCHHHCCCEEEC
-8.759 -28.547 -21.581 -9.111 -27.484 -20.568 -8.027 -27.329 -19.529 -11.632 -26.725 -19.654
-7.511 -26.123 -19.376 -6.516 -25.842 -18.364 -7.204 -25.401 -17.078 -3.691 -23.542 -18.588
-6.942 -26.064 -15.942 -7.587 -25.801 -14.686 -6.576 -25.505 -13.619 -8.608 -27.484 -14.537
-7.0 -24.769 -12.609 -6.287 -24.602 -11.355 -7.127 -25.231 -10.259 -5.615 -22.537 -10.387
-6.498 -26.079 -9.469 -7.189 -26.771 -8.398 -7.407 -25.876 -7.172 -6.477 -29.67 -9.867
-8.624 -25.934 -6.655 -9.055 -25.242 -5.44 -9.043 -26.134 -4.242 -10.726 -23.53 -6.477
-9.061 -27.454 -4.48 -8.978 -28.473 -3.434 -8.026 -29.56 -3.938 -12.143 -28.304 -1.765
-7.517 -30.38 -3.021 -6.679 -31.5 -3.435 -7.525 -32.614 -3.989 -4.96 -31.206 -1.664
-7.14 -33.136 -5.148 -7.793 -34.306 -5.724 -6.69 -35.341 -5.914 -9.045 -34.005 -7.17
-6.622 -36.296 -5.021 -5.616 -37.331 -5.076 -5.596 -37.996 -6.443 -5.363 -40.329 -3.328
-4.384 -38.184 -6.975 -4.235 -38.812 -8.283 -4.485 -37.879 -9.455 -3.988 -39.777 -8.367
-4.711 -36.605 -9.168 -5.112 -35.641 -10.191 -4.352 -34.338 -10.027 -6.948 -35.063 -11.728
-4.522 -33.665 -8.902 -3.784 -32.447 -8.658 -4.005 -31.952 -7.251 -3.21 -32.015 -9.354
-3.065 -31.162 -6.75 -3.092 -30.503 -5.457 -3.522 -29.055 -5.626 0.088 -32.325 -4.269
-4.051 -28.515 -4.545 -4.458 -27.114 -4.507 -3.364 -26.22 -5.045 -5.728 -25.853 -1.445
-3.722 -25.337 -5.976 -2.756 -24.42 -6.576 -2.069 -24.91 -7.821 -2.579 -23.525 -6.166
-2.145 -26.205 -8.102 -1.526 -26.745 -9.328 -2.392 -26.422 -10.524 -0.245 -29.597 -8.163
-1.742 -26.335 -11.672 -2.39 -26.034 -12.938 -2.109 -27.193 -13.879 -2.106 -23.751 -13.532
-3.186 -27.756 -14.429 -3.097 -28.941 -15.259 -4.12 -28.898 -16.396 -3.164 -32.693 -14.334
-3.761 -29.468 -17.54 -4.682 -29.653 -18.646 -5.376 -30.981 -18.557 -3.345 -28.244 -20.153
-6.693 -30.965 -18.652 -7.5 -32.155 -18.519 -8.559 -32.206 -19.598 -8.164 -31.927 -16.655
-9.161 -33.379 -19.759 -10.273 -33.54 -20.684 -11.4 -32.578 -20.342 -10.791 -34.956 -20.673
-12.019 -32.022 -21.384 -13.078 -31.046 -21.161 -14.267 -31.655 -20.428 -12.609 -29.647 -23.156
-14.643 -32.881 -20.784 -15.78 -33.517 -20.105 -15.565 -33.661 -18.615 -16.599 -33.815 -20.596
-14.361 -34.065 -18.23 -14.037 -34.197 -16.808 -14.093 -32.854 -16.093 -11.597 -35.156 -14.046
-13.489 -31.84 -16.686 -13.55 -30.505 -16.082 -14.994 -30.029 -15.901 -12.785 -29.517 -16.949
-15.766 -30.126 -16.968 -17.109 -29.586 -16.954 -18.08 -30.391 -16.074 -17.081 -28.44 -19.189
-17.953 -31.704 -16.071 -18.923 -32.589 -15.414 -18.526 -33.046 -14.03 -19.898 -33.354 -17.525
-17.251 -32.899 -13.682 -16.776 -33.345 -12.384 -16.08 -32.202 -11.663 -15.324 -35.444 -10.185
-14.968 -31.69 -12.186 -14.187 -30.734 -11.384 -14.964 -29.469 -11.071 -11.7 -31.228 -12.022
-15.546 -28.866 -12.096 -16.225 -27.586 -11.887 -17.508 -27.838 -11.115 -14.569 -26.279 -14.632
-18.206 -28.92 -11.469 -19.463 -29.327 -10.796 -19.306 -29.561 -9.286 -21.885 -32.094 -11.048
-18.145 -30.066 -8.868 -17.878 -30.376 -7.497 -17.098 -29.248 -6.792 -18.746 -32.803 -7.235
-16.795 -28.175 -7.515 -16.075 -27.03 -6.945 -14.614 -27.338 -6.615 -16.524 -26.149 -6.799
-14.015 -28.283 -7.326 -12.642 -28.729 -7.036 -11.604 -27.943 -7.812 -13.125 -31.258 -6.594
-12.026 -27.258 -8.864 -11.127 -26.49 -9.708 -11.914 -25.411 -10.421 -10.454 -27.402 -10.719
-11.183 -24.469 -11.021 -11.754 -23.47 -11.875 -10.845 -23.354 -13.085 -12.342 -21.228 -11.199
-11.355 -22.836 -14.186 -10.562 -22.695 -15.377 -9.367 -21.768 -15.115 -11.405 -22.129 -18.526
-8.173 -22.151 -15.585 -6.982 -21.343 -15.366 -6.786 -20.331 -16.498 -5.745 -22.245 -15.184
