DAYAQWLADGGPSSGRPPPS
CHHHHHHHCCCCCCCCCCCC
21.464 6.593 -4.077 22.746 6.821 -3.378 23.653 5.606 -3.363 22.184 8.684 -2.091
24.908 5.815 -3.77 25.968 4.821 -3.656 26.308 4.504 -2.188 27.19 5.329 -4.43
26.357 5.511 -1.298 26.691 5.317 0.123 25.662 4.433 0.847 28.821 6.482 2.968
24.375 4.599 0.516 23.305 3.738 1.01 23.596 2.264 0.685 21.973 4.212 0.414
23.956 1.978 -0.573 24.324 0.636 -1.015 25.638 0.157 -0.378 23.444 -0.437 -3.972
26.657 1.026 -0.296 27.939 0.765 0.37 27.748 0.15 1.763 31.207 1.942 2.27
26.896 0.768 2.593 26.513 0.223 3.896 25.751 -1.109 3.777 26.335 2.394 5.391
24.754 -1.222 2.879 23.983 -2.465 2.653 24.869 -3.673 2.342 21.139 -0.917 2.695
25.877 -3.512 1.48 26.833 -4.578 1.163 27.727 -4.98 2.357 27.032 -4.15 -1.318
27.852 -4.139 3.398 28.693 -4.383 4.58 29.832 -3.374 4.791 28.508 -5.16 5.182
29.855 -2.277 4.02 30.828 -1.185 4.062 32.288 -1.659 4.054 30.531 -0.231 4.092
33.058 -1.476 5.151 34.44 -1.955 5.252 34.601 -3.454 4.962 33.846 -0.987 6.732
33.573 -4.26 5.264 33.561 -5.719 5.076 33.76 -6.106 3.608 31.994 -6.018 6.146
33.152 -5.326 2.71 33.098 -5.543 1.266 34.36 -5.073 0.537 31.386 -4.695 1.15
35.169 -4.214 1.172 36.41 -3.643 0.636 36.255 -2.613 -0.497 37.29 -3.932 1.012
35.07 -2.497 -1.115 34.727 -1.465 -2.108 34.98 -0.047 -1.551 30.381 -2.313 -2.778
35.751 0.821 -2.239 36.016 2.191 -1.791 34.725 2.977 -1.472 36.927 1.694 -3.339
34.61 3.631 -0.297 33.451 4.462 0.024 33.346 5.686 -0.904 34.739 4.375 1.371
32.128 6.06 -1.341 31.901 7.248 -2.156 31.946 8.519 -1.291 30.394 6.187 -1.891
32.938 9.384 -1.532 33.016 10.745 -0.974 32.12 11.723 -1.734 33.681 11.428 -0.703
