LSDEDFKAVFGMTRSAFANLPLWLQQHLLKEKGLF
CCHHHHHHHHHCCHHHHHCHHHHHHHHHHHHCCCC
8.997 20.479 22.718 8.535 20.172 24.06 9.114 21.249 24.968 8.552 17.548 24.261
8.418 21.566 26.048 8.96 22.496 27.027 10.18 21.817 27.66 7.794 22.156 28.476
11.01 22.586 28.358 12.188 21.993 28.974 11.76 20.934 29.959 13.672 23.964 28.816
10.676 21.208 30.67 10.175 20.288 31.672 9.712 18.964 31.036 9.001 22.961 32.201
8.977 19.044 29.928 8.532 17.823 29.271 9.715 17.092 28.635 6.119 18.197 28.749
10.685 17.822 28.083 11.827 17.147 27.491 12.542 16.339 28.566 14.629 17.01 25.583
12.728 16.933 29.745 13.403 16.255 30.848 12.625 15.02 31.309 14.652 17.111 34.128
11.305 15.15 31.439 10.477 14.031 31.842 10.499 12.892 30.829 9.036 14.494 32.044
10.438 13.236 29.544 10.4 12.225 28.499 11.73 11.539 28.237 9.453 12.641 26.84
12.807 12.319 28.133 14.098 11.741 27.778 15.064 11.48 28.918 13.407 12.568 24.574
14.956 12.236 30.015 15.811 11.991 31.168 17.251 12.415 30.997 15.444 11.571 31.998
17.533 13.202 29.979 18.886 13.679 29.729 18.775 15.093 29.195 19.336 11.736 27.326
19.893 15.801 29.12 19.824 17.161 28.602 19.578 17.142 27.1 21.598 17.742 29.103
19.118 18.271 26.559 18.903 18.352 25.128 20.207 18.135 24.376 15.352 20.958 24.955
21.311 18.656 24.918 22.604 18.489 24.271 23.028 17.026 24.282 24.325 19.161 24.748
22.771 16.33 25.389 23.149 14.916 25.446 22.331 14.118 24.425 22.919 14.359 26.851
21.048 14.439 24.293 20.219 13.719 23.335 20.714 13.991 21.905 17.164 12.988 22.0
21.053 15.259 21.639 21.542 15.658 20.324 22.868 14.98 19.988 21.7 17.189 20.273
23.605 14.569 21.016 24.89 13.903 20.805 24.744 12.407 20.526 26.342 15.486 22.073
23.548 11.856 20.728 23.34 10.458 20.382 23.268 10.408 18.856 21.794 9.518 22.269
23.63 9.276 18.251 23.536 9.199 16.789 22.065 9.43 16.414 24.341 7.727 17.646
21.843 9.996 15.236 20.482 10.262 14.771 19.609 9.021 14.8 19.32 11.43 12.752
20.135 7.866 14.397 19.298 6.687 14.407 18.821 6.306 15.818 22.049 4.205 15.581
19.645 6.582 16.832 19.286 6.255 18.198 18.272 7.273 18.721 19.787 4.503 20.792
18.434 8.537 18.351 17.438 9.546 18.72 16.081 9.102 18.155 19.06 12.406 18.101
16.077 8.669 16.89 14.844 8.225 16.252 14.274 7.003 16.933 15.57 8.655 12.991
15.126 6.041 17.277 14.623 4.83 17.91 13.978 5.137 19.251 16.204 3.217 16.822
14.596 6.018 20.024 14.014 6.375 21.311 12.673 7.061 21.097 16.018 6.88 22.938
12.615 7.961 20.119 11.371 8.682 19.848 10.232 7.783 19.384 12.32 11.656 18.05
10.553 6.74 18.631 9.513 5.856 18.132 8.681 5.253 19.236 11.438 4.509 15.778
9.33 4.717 20.254 8.602 4.102 21.349 7.761 5.116 22.136 9.857 1.857 21.219
8.252 6.347 22.17 7.634 7.43 22.911 6.543 8.167 22.134 10.622 8.07 24.909
6.299 7.725 20.895 5.266 8.319 20.062 5.648 9.649 19.445 4.387 7.862 19.928
6.934 10.008 19.463 7.403 11.289 18.943 8.146 11.217 17.609 7.814 12.664 21.145
8.211 10.042 16.996 8.931 9.918 15.74 8.155 10.562 14.609 10.169 8.461 13.311
