KLPPGWEKRMSRDGRVYYFNHITGTTQFERPSG
CCCCCHHEEECCCCCEEEEECCCCCCCCCCCCC
-22.2 8.415 51.08 -21.395 9.454 51.699 -20.162 9.65 50.834 -21.081 9.302 55.232
-19.697 10.887 50.731 -18.516 11.157 49.93 -17.307 10.535 50.63 -19.17 13.452 48.87
-16.319 10.059 49.856 -15.125 9.446 50.448 -14.282 10.476 51.191 -15.387 9.16 48.611
-13.305 10.016 51.987 -12.44 10.919 52.749 -11.84 12.07 51.951 -12.158 9.103 53.032
-12.04 13.282 52.458 -11.495 14.462 51.815 -12.379 15.114 50.773 -10.588 14.797 52.068
-13.396 14.4 50.298 -14.28 14.952 49.272 -15.391 15.847 49.799 -13.217 13.271 46.036
-15.673 16.909 49.053 -16.722 17.853 49.415 -17.372 18.413 48.157 -16.487 20.739 51.111
-18.63 18.812 48.283 -19.389 19.376 47.174 -19.185 20.891 47.15 -23.144 19.262 46.313
-18.836 21.424 45.982 -18.61 22.86 45.814 -19.366 23.36 44.585 -15.651 24.404 48.389
-19.327 24.67 44.355 -19.997 25.269 43.2 -18.944 25.907 42.307 -22.426 26.181 42.609
-18.952 25.538 41.033 -17.978 26.064 40.086 -18.243 27.524 39.761 -18.574 25.425 38.404
-17.214 28.19 39.247 -17.315 29.591 38.872 -18.386 29.787 37.808 -15.969 30.096 38.36
-18.639 28.766 36.988 -19.65 28.918 35.953 -21.036 28.368 36.29 -18.899 26.964 34.596
-21.255 28.043 37.563 -22.572 27.604 37.997 -22.987 26.15 38.087 -23.216 28.329 38.243
-22.038 25.225 38.131 -22.376 23.812 38.227 -21.697 23.21 39.439 -22.935 21.224 35.211
-22.398 22.316 40.119 -21.826 21.659 41.275 -20.678 20.764 40.826 -23.026 20.809 42.542
-19.636 20.692 41.645 -18.519 19.809 41.351 -17.993 19.292 42.675 -15.712 22.338 42.01
-17.011 18.405 42.613 -16.466 17.826 43.82 -14.98 18.089 43.934 -19.679 16.012 43.615
-14.581 18.456 45.145 -13.204 18.787 45.452 -12.708 17.949 46.614 -10.822 21.003 46.483
-11.486 17.446 46.495 -10.899 16.678 47.576 -9.858 17.597 48.207 -9.848 14.52 48.119
-10.07 17.956 49.47 -9.15 18.868 50.136 -7.833 18.261 50.597 -10.612 18.203 52.865
-7.659 16.96 50.383 -6.411 16.284 50.763 -5.536 16.085 49.523 -6.93 14.486 52.251
-6.16 15.679 48.42 -5.434 15.44 47.168 -5.491 16.641 46.228 -6.502 13.958 46.538
-6.397 17.566 46.532 -6.629 18.779 45.749 -7.218 18.519 44.363 -4.887 20.098 46.899
-7.803 17.339 44.183 -8.419 16.99 42.91 -9.789 17.658 42.785 -8.573 15.483 42.802
-10.157 18.011 41.558 -11.455 18.619 41.276 -12.061 17.844 40.117 -11.07 20.496 41.38
-13.343 17.501 40.216 -14.011 16.783 39.134 -15.512 17.021 39.125 -13.803 13.622 40.3
-16.102 16.943 37.94 -17.537 17.135 37.804 -18.301 15.931 38.348 -17.457 20.234 35.788
-17.734 14.744 38.162 -18.368 13.498 38.581 -18.388 13.25 40.089 -17.05 13.079 36.142
-19.557 12.899 40.62 -19.658 12.609 42.048 -18.665 11.47 42.303 -22.44 11.807 45.289
-17.796 11.623 43.314 -16.791 10.602 43.631 -17.254 9.28 44.237 -16.737 12.147 44.67
-18.542 9.173 44.551 -19.084 7.952 45.139 -20.587 7.863 44.911 -19.132 8.446 46.974
-21.166 6.734 45.307 -22.594 6.531 45.146 -22.908 5.657 43.948 -23.264 6.934 45.769
